Wavelength	OD
799.000000 0.011410
798.000000 0.011710
797.000000 0.009164
796.000000 0.006446
795.000000 0.007381
794.000000 0.005586
793.000000 0.005480
792.000000 0.005169
791.000000 0.005089
790.000000 0.005952
789.000000 0.006121
788.000000 0.008096
787.000000 0.008069
786.000000 0.005673
785.000000 0.005509
784.000000 0.003766
783.000000 0.004616
782.000000 0.003482
781.000000 0.004246
780.000000 0.004568
779.000000 0.004131
778.000000 0.008663
777.000000 0.008850
776.000000 0.009575
775.000000 0.009128
774.000000 0.012872
773.000000 0.013908
772.000000 0.013917
771.000000 0.015180
770.000000 0.015437
769.000000 0.016231
768.000000 0.016250
767.000000 0.016692
766.000000 0.013683
765.000000 0.011704
764.000000 0.009962
763.000000 0.010646
762.000000 0.011421
761.000000 0.011917
760.000000 0.013178
759.000000 0.012239
758.000000 0.012493
757.000000 0.013282
756.000000 0.012107
755.000000 0.010168
754.000000 0.010585
753.000000 0.011179
752.000000 0.011084
751.000000 0.014531
750.000000 0.015176
749.000000 0.016922
748.000000 0.019073
747.000000 0.020276
746.000000 0.018282
745.000000 0.018255
744.000000 0.013564
743.000000 0.008653
742.000000 0.006930
741.000000 0.005302
740.000000 0.011642
739.000000 0.012509
738.000000 0.011854
737.000000 0.012374
736.000000 0.012430
735.000000 0.011629
734.000000 0.010097
733.000000 0.010511
732.000000 0.011045
731.000000 0.009990
730.000000 0.010424
729.000000 0.009748
728.000000 0.011106
727.000000 0.013294
726.000000 0.012239
725.000000 0.012593
724.000000 0.011621
723.000000 0.012658
722.000000 0.012803
721.000000 0.012844
720.000000 0.011940
719.000000 0.011410
718.000000 0.012322
717.000000 0.012680
716.000000 0.014816
715.000000 0.015443
714.000000 0.015835
713.000000 0.016743
712.000000 0.016484
711.000000 0.015919
710.000000 0.015993
709.000000 0.015154
708.000000 0.014904
707.000000 0.016821
706.000000 0.018570
705.000000 0.018383
704.000000 0.019397
703.000000 0.022137
702.000000 0.023057
701.000000 0.022702
700.000000 0.023412
699.000000 0.022646
698.000000 0.022311
697.000000 0.023665
696.000000 0.023506
695.000000 0.021239
694.000000 0.021387
693.000000 0.022876
692.000000 0.025408
691.000000 0.026815
690.000000 0.028159
689.000000 0.028095
688.000000 0.028895
687.000000 0.030088
686.000000 0.030527
685.000000 0.030113
684.000000 0.029606
683.000000 0.030951
682.000000 0.032387
681.000000 0.035331
680.000000 0.037939
679.000000 0.040175
678.000000 0.042953
677.000000 0.046883
676.000000 0.048032
675.000000 0.049799
674.000000 0.051272
673.000000 0.052778
672.000000 0.056041
671.000000 0.059747
670.000000 0.064279
669.000000 0.069319
668.000000 0.076880
667.000000 0.082913
666.000000 0.091083
665.000000 0.100537
664.000000 0.108724
663.000000 0.120884
662.000000 0.133622
661.000000 0.149420
660.000000 0.166321
659.000000 0.187835
658.000000 0.213558
657.000000 0.243268
656.000000 0.278379
655.000000 0.317423
654.000000 0.364203
653.000000 0.415060
652.000000 0.473021
651.000000 0.536689
650.000000 0.604057
649.000000 0.676850
648.000000 0.752585
647.000000 0.833350
646.000000 0.912113
645.000000 0.994288
644.000000 1.074507
643.000000 1.151841
642.000000 1.226090
641.000000 1.293556
640.000000 1.354547
639.000000 1.400659
638.000000 1.437752
637.000000 1.467233
636.000000 1.478438
635.000000 1.475649
634.000000 1.454655
633.000000 1.423250
632.000000 1.381250
631.000000 1.338076
630.000000 1.290228
629.000000 1.236333
628.000000 1.185206
627.000000 1.135501
626.000000 1.088236
625.000000 1.042014
624.000000 0.996684
623.000000 0.952979
622.000000 0.909689
621.000000 0.872940
620.000000 0.836382
619.000000 0.803289
618.000000 0.770470
617.000000 0.740395
616.000000 0.715153
615.000000 0.691508
614.000000 0.670792
613.000000 0.649934
612.000000 0.632090
611.000000 0.615268
610.000000 0.601197
609.000000 0.589323
608.000000 0.575246
607.000000 0.564988
606.000000 0.559074
605.000000 0.553921
604.000000 0.550060
603.000000 0.549405
602.000000 0.551449
601.000000 0.554157
600.000000 0.562850
599.000000 0.574436
598.000000 0.585029
597.000000 0.599919
596.000000 0.617423
595.000000 0.635878
594.000000 0.654947
593.000000 0.677701
592.000000 0.698597
591.000000 0.717438
590.000000 0.737564
589.000000 0.756504
588.000000 0.772209
587.000000 0.786580
586.000000 0.797973
585.000000 0.805677
584.000000 0.810152
583.000000 0.808862
582.000000 0.804038
581.000000 0.794980
580.000000 0.784905
579.000000 0.771882
578.000000 0.756328
577.000000 0.740573
576.000000 0.726359
575.000000 0.713257
574.000000 0.701198
573.000000 0.688999
572.000000 0.678164
571.000000 0.668983
570.000000 0.663637
569.000000 0.659244
568.000000 0.655927
567.000000 0.654149
566.000000 0.652375
565.000000 0.651556
564.000000 0.649105
563.000000 0.646372
562.000000 0.642012
561.000000 0.633987
560.000000 0.625188
559.000000 0.615090
558.000000 0.604320
557.000000 0.592309
556.000000 0.580776
555.000000 0.569743
554.000000 0.558833
553.000000 0.548282
552.000000 0.538133
551.000000 0.527717
550.000000 0.517207
549.000000 0.507937
548.000000 0.500252
547.000000 0.492134
546.000000 0.484334
545.000000 0.477652
544.000000 0.470250
543.000000 0.462973
542.000000 0.457618
541.000000 0.451513
540.000000 0.443290
539.000000 0.435227
538.000000 0.426627
537.000000 0.417488
536.000000 0.409222
535.000000 0.402675
534.000000 0.393885
533.000000 0.387079
532.000000 0.381373
531.000000 0.374885
530.000000 0.369857
529.000000 0.365956
528.000000 0.362946
527.000000 0.360207
526.000000 0.358333
525.000000 0.355771
524.000000 0.352229
523.000000 0.350313
522.000000 0.346197
521.000000 0.341525
520.000000 0.333743
519.000000 0.331627
518.000000 0.330298
517.000000 0.328104
516.000000 0.322918
515.000000 0.318123
514.000000 0.314153
513.000000 0.308386
512.000000 0.303671
511.000000 0.300349
510.000000 0.295082
509.000000 0.292058
508.000000 0.288359
507.000000 0.284859
506.000000 0.280553
505.000000 0.276778
504.000000 0.272089
503.000000 0.268095
502.000000 0.263096
501.000000 0.257274
500.000000 0.251770
499.000000 0.247012
498.000000 0.242400
497.000000 0.238028
496.000000 0.234218
495.000000 0.229785
494.000000 0.226922
493.000000 0.223771
492.000000 0.220803
491.000000 0.216283
490.000000 0.212893
489.000000 0.209154
488.000000 0.206804
487.000000 0.202583
486.000000 0.199613
485.000000 0.196448
484.000000 0.193059
483.000000 0.191987
482.000000 0.188464
481.000000 0.186189
480.000000 0.182635
479.000000 0.180380
478.000000 0.177362
477.000000 0.176645
476.000000 0.175001
475.000000 0.171442
474.000000 0.170260
473.000000 0.168108
472.000000 0.166789
471.000000 0.165267
470.000000 0.163657
469.000000 0.159850
468.000000 0.158737
467.000000 0.157415
466.000000 0.154783
465.000000 0.152230
464.000000 0.149658
463.000000 0.147794
462.000000 0.145934
461.000000 0.143999
460.000000 0.142757
459.000000 0.140493
458.000000 0.139793
457.000000 0.140066
456.000000 0.137973
455.000000 0.137586
454.000000 0.135718
453.000000 0.134348
452.000000 0.131657
451.000000 0.131636
450.000000 0.130135
449.000000 0.128103
448.000000 0.126406
447.000000 0.124043
446.000000 0.123088
445.000000 0.123049
444.000000 0.122068
443.000000 0.119609
442.000000 0.118664
441.000000 0.117451
440.000000 0.117229
439.000000 0.115515
438.000000 0.114463
437.000000 0.112362
436.000000 0.111652
435.000000 0.110241
434.000000 0.109032
433.000000 0.107796
432.000000 0.107242
431.000000 0.107478
430.000000 0.106687
429.000000 0.105017
428.000000 0.104015
427.000000 0.104932
426.000000 0.104221
425.000000 0.103038
424.000000 0.099403
423.000000 0.099163
422.000000 0.097400
421.000000 0.095314
420.000000 0.094904
419.000000 0.096930
418.000000 0.099098
417.000000 0.098773
416.000000 0.099313
415.000000 0.097842
414.000000 0.098037
413.000000 0.096182
412.000000 0.094160
411.000000 0.090691
410.000000 0.089203
409.000000 0.087948
408.000000 0.085798
407.000000 0.086907
406.000000 0.086304
405.000000 0.088496
404.000000 0.090598
403.000000 0.089115
402.000000 0.088641
401.000000 0.090150
400.000000 0.088861
