Wavelength	OD
799.000000 0.016692
798.000000 0.019351
797.000000 0.018640
796.000000 0.018787
795.000000 0.020240
794.000000 0.020109
793.000000 0.017197
792.000000 0.014256
791.000000 0.016176
790.000000 0.014952
789.000000 0.014680
788.000000 0.014495
787.000000 0.015798
786.000000 0.013670
785.000000 0.015013
784.000000 0.015052
783.000000 0.013758
782.000000 0.013048
781.000000 0.012220
780.000000 0.013041
779.000000 0.013663
778.000000 0.019176
777.000000 0.019062
776.000000 0.017362
775.000000 0.014787
774.000000 0.016884
773.000000 0.017618
772.000000 0.019208
771.000000 0.017085
770.000000 0.016848
769.000000 0.017623
768.000000 0.018764
767.000000 0.021405
766.000000 0.020384
765.000000 0.019528
764.000000 0.015960
763.000000 0.017214
762.000000 0.018057
761.000000 0.016850
760.000000 0.016863
759.000000 0.016613
758.000000 0.018224
757.000000 0.018791
756.000000 0.020567
755.000000 0.020120
754.000000 0.018830
753.000000 0.018375
752.000000 0.016708
751.000000 0.018169
750.000000 0.017611
749.000000 0.018900
748.000000 0.017253
747.000000 0.017430
746.000000 0.016916
745.000000 0.017875
744.000000 0.014154
743.000000 0.012977
742.000000 0.014166
741.000000 0.014229
740.000000 0.022392
739.000000 0.023519
738.000000 0.024279
737.000000 0.026884
736.000000 0.026098
735.000000 0.027028
734.000000 0.025918
733.000000 0.024973
732.000000 0.026449
731.000000 0.024779
730.000000 0.024189
729.000000 0.021908
728.000000 0.024033
727.000000 0.022461
726.000000 0.021517
725.000000 0.021158
724.000000 0.020371
723.000000 0.024106
722.000000 0.025722
721.000000 0.026196
720.000000 0.026350
719.000000 0.028386
718.000000 0.029819
717.000000 0.031416
716.000000 0.032705
715.000000 0.031922
714.000000 0.030678
713.000000 0.031928
712.000000 0.032333
711.000000 0.031614
710.000000 0.031898
709.000000 0.031137
708.000000 0.030545
707.000000 0.031331
706.000000 0.032359
705.000000 0.031573
704.000000 0.029879
703.000000 0.030420
702.000000 0.029157
701.000000 0.029038
700.000000 0.030078
699.000000 0.028495
698.000000 0.028398
697.000000 0.028911
696.000000 0.029430
695.000000 0.027433
694.000000 0.029326
693.000000 0.030453
692.000000 0.031670
691.000000 0.032519
690.000000 0.032118
689.000000 0.032569
688.000000 0.031624
687.000000 0.031957
686.000000 0.031421
685.000000 0.030405
684.000000 0.028930
683.000000 0.029361
682.000000 0.030583
681.000000 0.031359
680.000000 0.033116
679.000000 0.033874
678.000000 0.033910
677.000000 0.034555
676.000000 0.034043
675.000000 0.034183
674.000000 0.034445
673.000000 0.034237
672.000000 0.035006
671.000000 0.034715
670.000000 0.034953
669.000000 0.037147
668.000000 0.038630
667.000000 0.038412
666.000000 0.038144
665.000000 0.038763
664.000000 0.039788
663.000000 0.041334
662.000000 0.043018
661.000000 0.042811
660.000000 0.043696
659.000000 0.045267
658.000000 0.046714
657.000000 0.048973
656.000000 0.050395
655.000000 0.052836
654.000000 0.055664
653.000000 0.058217
652.000000 0.062161
651.000000 0.066826
650.000000 0.072163
649.000000 0.076984
648.000000 0.081594
647.000000 0.087533
646.000000 0.093978
645.000000 0.101623
644.000000 0.109661
643.000000 0.116988
642.000000 0.124880
641.000000 0.131858
640.000000 0.140724
639.000000 0.147620
638.000000 0.152836
637.000000 0.156536
636.000000 0.159132
635.000000 0.160536
634.000000 0.159191
633.000000 0.158618
632.000000 0.154608
631.000000 0.149948
630.000000 0.146179
629.000000 0.141818
628.000000 0.137747
627.000000 0.131284
626.000000 0.126575
625.000000 0.121043
624.000000 0.115256
623.000000 0.110598
622.000000 0.105254
621.000000 0.101975
620.000000 0.096696
619.000000 0.095492
618.000000 0.091472
617.000000 0.088701
616.000000 0.086884
615.000000 0.085020
614.000000 0.083889
613.000000 0.080742
612.000000 0.080305
611.000000 0.077998
610.000000 0.077541
609.000000 0.077296
608.000000 0.075719
607.000000 0.074551
606.000000 0.075176
605.000000 0.075599
604.000000 0.073908
603.000000 0.074003
602.000000 0.074407
601.000000 0.073702
600.000000 0.075121
599.000000 0.077459
598.000000 0.076193
597.000000 0.077342
596.000000 0.079342
595.000000 0.080277
594.000000 0.082182
593.000000 0.084034
592.000000 0.085542
591.000000 0.086270
590.000000 0.089136
589.000000 0.091304
588.000000 0.092817
587.000000 0.095459
586.000000 0.096059
585.000000 0.098161
584.000000 0.099354
583.000000 0.098994
582.000000 0.099362
581.000000 0.098578
580.000000 0.097335
579.000000 0.095853
578.000000 0.095442
577.000000 0.093244
576.000000 0.092695
575.000000 0.091499
574.000000 0.089758
573.000000 0.087555
572.000000 0.087052
571.000000 0.085737
570.000000 0.084175
569.000000 0.084029
568.000000 0.083304
567.000000 0.082715
566.000000 0.082070
565.000000 0.082785
564.000000 0.082667
563.000000 0.082502
562.000000 0.081872
561.000000 0.081206
560.000000 0.079652
559.000000 0.078398
558.000000 0.077627
557.000000 0.076079
556.000000 0.073701
555.000000 0.073117
554.000000 0.072652
553.000000 0.071534
552.000000 0.070853
551.000000 0.070206
550.000000 0.068711
549.000000 0.068777
548.000000 0.069631
547.000000 0.068578
546.000000 0.068509
545.000000 0.067708
544.000000 0.067941
543.000000 0.067963
542.000000 0.068640
541.000000 0.068500
540.000000 0.068460
539.000000 0.068536
538.000000 0.067930
537.000000 0.067942
536.000000 0.067402
535.000000 0.067858
534.000000 0.066740
533.000000 0.065540
532.000000 0.066207
531.000000 0.065599
530.000000 0.066048
529.000000 0.065537
528.000000 0.065537
527.000000 0.066006
526.000000 0.066400
525.000000 0.066507
524.000000 0.064890
523.000000 0.065500
522.000000 0.065039
521.000000 0.066224
520.000000 0.067821
519.000000 0.067027
518.000000 0.067332
517.000000 0.067761
516.000000 0.068315
515.000000 0.068776
514.000000 0.068442
513.000000 0.067002
512.000000 0.066968
511.000000 0.067949
510.000000 0.067312
509.000000 0.068259
508.000000 0.067318
507.000000 0.067019
506.000000 0.066740
505.000000 0.066941
504.000000 0.066941
503.000000 0.067837
502.000000 0.067527
501.000000 0.066069
500.000000 0.066501
499.000000 0.065590
498.000000 0.066188
497.000000 0.065227
496.000000 0.065127
495.000000 0.063775
494.000000 0.064051
493.000000 0.064269
492.000000 0.063169
491.000000 0.061998
490.000000 0.061469
489.000000 0.061929
488.000000 0.062462
487.000000 0.061368
486.000000 0.061166
485.000000 0.059829
484.000000 0.059726
483.000000 0.060295
482.000000 0.059183
481.000000 0.057903
480.000000 0.056031
479.000000 0.055672
478.000000 0.054247
477.000000 0.054468
476.000000 0.053462
475.000000 0.052129
474.000000 0.051447
473.000000 0.051965
472.000000 0.051731
471.000000 0.051718
470.000000 0.051952
469.000000 0.050916
468.000000 0.051192
467.000000 0.052037
466.000000 0.051883
465.000000 0.051484
464.000000 0.051655
463.000000 0.051172
462.000000 0.050247
461.000000 0.051301
460.000000 0.050783
459.000000 0.050694
458.000000 0.051198
457.000000 0.051317
456.000000 0.050456
455.000000 0.051185
454.000000 0.051820
453.000000 0.050874
452.000000 0.051771
451.000000 0.051448
450.000000 0.050731
449.000000 0.050175
448.000000 0.049227
447.000000 0.048753
446.000000 0.048570
445.000000 0.049894
444.000000 0.049099
443.000000 0.049882
442.000000 0.051172
441.000000 0.051230
440.000000 0.052716
439.000000 0.052127
438.000000 0.052388
437.000000 0.050553
436.000000 0.050428
435.000000 0.049019
434.000000 0.047968
433.000000 0.048494
432.000000 0.049071
431.000000 0.049905
430.000000 0.050177
429.000000 0.050228
428.000000 0.050383
427.000000 0.052714
426.000000 0.054498
425.000000 0.054149
424.000000 0.052574
423.000000 0.053306
422.000000 0.052529
421.000000 0.051887
420.000000 0.055942
419.000000 0.056533
418.000000 0.058274
417.000000 0.057764
416.000000 0.059864
415.000000 0.059100
414.000000 0.058087
413.000000 0.059993
412.000000 0.059678
411.000000 0.058656
410.000000 0.059858
409.000000 0.058386
408.000000 0.058043
407.000000 0.058775
406.000000 0.058422
405.000000 0.059159
404.000000 0.061292
403.000000 0.061104
402.000000 0.060727
401.000000 0.061539
400.000000 0.061949
