Wavelength	OD
799.000000 0.016567
798.000000 0.021123
797.000000 0.020065
796.000000 0.016663
795.000000 0.016249
794.000000 0.014284
793.000000 0.011534
792.000000 0.009397
791.000000 0.008956
790.000000 0.005013
789.000000 0.005639
788.000000 0.008157
787.000000 0.012356
786.000000 0.011252
785.000000 0.012956
784.000000 0.012201
783.000000 0.010975
782.000000 0.010887
781.000000 0.011552
780.000000 0.009633
779.000000 0.009957
778.000000 0.014237
777.000000 0.014325
776.000000 0.013440
775.000000 0.013852
774.000000 0.016572
773.000000 0.016215
772.000000 0.017731
771.000000 0.016366
770.000000 0.015317
769.000000 0.017204
768.000000 0.018095
767.000000 0.018612
766.000000 0.018233
765.000000 0.018055
764.000000 0.017419
763.000000 0.016276
762.000000 0.018821
761.000000 0.016401
760.000000 0.017141
759.000000 0.015374
758.000000 0.015157
757.000000 0.015319
756.000000 0.013447
755.000000 0.013936
754.000000 0.011564
753.000000 0.016714
752.000000 0.015408
751.000000 0.016656
750.000000 0.015938
749.000000 0.017417
748.000000 0.019189
747.000000 0.021260
746.000000 0.021531
745.000000 0.019299
744.000000 0.020137
743.000000 0.018825
742.000000 0.017516
741.000000 0.017279
740.000000 0.020922
739.000000 0.019647
738.000000 0.018703
737.000000 0.020662
736.000000 0.019698
735.000000 0.018413
734.000000 0.019726
733.000000 0.019818
732.000000 0.018135
731.000000 0.017802
730.000000 0.016790
729.000000 0.015159
728.000000 0.016518
727.000000 0.017378
726.000000 0.014650
725.000000 0.014613
724.000000 0.014718
723.000000 0.017790
722.000000 0.019867
721.000000 0.019965
720.000000 0.019335
719.000000 0.021811
718.000000 0.023067
717.000000 0.023572
716.000000 0.026285
715.000000 0.025753
714.000000 0.024981
713.000000 0.025607
712.000000 0.026759
711.000000 0.026418
710.000000 0.026821
709.000000 0.026492
708.000000 0.025765
707.000000 0.026392
706.000000 0.026715
705.000000 0.027381
704.000000 0.027542
703.000000 0.028246
702.000000 0.029623
701.000000 0.029705
700.000000 0.031311
699.000000 0.032536
698.000000 0.033156
697.000000 0.035695
696.000000 0.038168
695.000000 0.037820
694.000000 0.039299
693.000000 0.042615
692.000000 0.044960
691.000000 0.047003
690.000000 0.048885
689.000000 0.048990
688.000000 0.048725
687.000000 0.051004
686.000000 0.053525
685.000000 0.054021
684.000000 0.055958
683.000000 0.059291
682.000000 0.064488
681.000000 0.069030
680.000000 0.073533
679.000000 0.077365
678.000000 0.080942
677.000000 0.085347
676.000000 0.088949
675.000000 0.092693
674.000000 0.096882
673.000000 0.101857
672.000000 0.106587
671.000000 0.113373
670.000000 0.120750
669.000000 0.129546
668.000000 0.140295
667.000000 0.150971
666.000000 0.165287
665.000000 0.181344
664.000000 0.200768
663.000000 0.222682
662.000000 0.247253
661.000000 0.276948
660.000000 0.309460
659.000000 0.348818
658.000000 0.391206
657.000000 0.441503
656.000000 0.497045
655.000000 0.560702
654.000000 0.632186
653.000000 0.710240
652.000000 0.795609
651.000000 0.887703
650.000000 0.987785
649.000000 1.093039
648.000000 1.207782
647.000000 1.322314
646.000000 1.439611
645.000000 1.560412
644.000000 1.677519
643.000000 1.793958
642.000000 1.895686
641.000000 1.995356
640.000000 2.080830
639.000000 2.148772
638.000000 2.200807
637.000000 2.236467
636.000000 2.244200
635.000000 2.229441
634.000000 2.215705
633.000000 2.174676
632.000000 2.118777
631.000000 2.062121
630.000000 1.991673
629.000000 1.921760
628.000000 1.857802
627.000000 1.795720
626.000000 1.724458
625.000000 1.655551
624.000000 1.592493
623.000000 1.532220
622.000000 1.473183
621.000000 1.420715
620.000000 1.368713
619.000000 1.321729
618.000000 1.278882
617.000000 1.237679
616.000000 1.202297
615.000000 1.167084
614.000000 1.135611
613.000000 1.105163
612.000000 1.077712
611.000000 1.051808
610.000000 1.028317
609.000000 1.008984
608.000000 0.988366
607.000000 0.971026
606.000000 0.958699
605.000000 0.947782
604.000000 0.938129
603.000000 0.933876
602.000000 0.933520
601.000000 0.935984
600.000000 0.944576
599.000000 0.958210
598.000000 0.973170
597.000000 0.992758
596.000000 1.017159
595.000000 1.042245
594.000000 1.069694
593.000000 1.097092
592.000000 1.124387
591.000000 1.151402
590.000000 1.176487
589.000000 1.200621
588.000000 1.219786
587.000000 1.236545
586.000000 1.248160
585.000000 1.255499
584.000000 1.258032
583.000000 1.250864
582.000000 1.242905
581.000000 1.227768
580.000000 1.209545
579.000000 1.188748
578.000000 1.169433
577.000000 1.146878
576.000000 1.125687
575.000000 1.106423
574.000000 1.087469
573.000000 1.069872
572.000000 1.055755
571.000000 1.045529
570.000000 1.035475
569.000000 1.031682
568.000000 1.028739
567.000000 1.027935
566.000000 1.027646
565.000000 1.028299
564.000000 1.026688
563.000000 1.022818
562.000000 1.017487
561.000000 1.007859
560.000000 0.997587
559.000000 0.982804
558.000000 0.968669
557.000000 0.953776
556.000000 0.941069
555.000000 0.926453
554.000000 0.914590
553.000000 0.901866
552.000000 0.888575
551.000000 0.876030
550.000000 0.861520
549.000000 0.849244
548.000000 0.836131
547.000000 0.825153
546.000000 0.811012
545.000000 0.798402
544.000000 0.786344
543.000000 0.778083
542.000000 0.767911
541.000000 0.757446
540.000000 0.746114
539.000000 0.733267
538.000000 0.721573
537.000000 0.710360
536.000000 0.698591
535.000000 0.685971
534.000000 0.674124
533.000000 0.663938
532.000000 0.655964
531.000000 0.648549
530.000000 0.642029
529.000000 0.635795
528.000000 0.630346
527.000000 0.625400
526.000000 0.622810
525.000000 0.618546
524.000000 0.609068
523.000000 0.602185
522.000000 0.596753
521.000000 0.587835
520.000000 0.578663
519.000000 0.577731
518.000000 0.574964
517.000000 0.573067
516.000000 0.563893
515.000000 0.553658
514.000000 0.545766
513.000000 0.537795
512.000000 0.528751
511.000000 0.521013
510.000000 0.514094
509.000000 0.506525
508.000000 0.500692
507.000000 0.495113
506.000000 0.488514
505.000000 0.481630
504.000000 0.476763
503.000000 0.470604
502.000000 0.463013
501.000000 0.456884
500.000000 0.450514
499.000000 0.443269
498.000000 0.436415
497.000000 0.430360
496.000000 0.424454
495.000000 0.418054
494.000000 0.412470
493.000000 0.406748
492.000000 0.400522
491.000000 0.395723
490.000000 0.391827
489.000000 0.387192
488.000000 0.381140
487.000000 0.375897
486.000000 0.372125
485.000000 0.367213
484.000000 0.362391
483.000000 0.358959
482.000000 0.353583
481.000000 0.349194
480.000000 0.345907
479.000000 0.342217
478.000000 0.338104
477.000000 0.334277
476.000000 0.331657
475.000000 0.327592
474.000000 0.325710
473.000000 0.323244
472.000000 0.320063
471.000000 0.318045
470.000000 0.315467
469.000000 0.312541
468.000000 0.310576
467.000000 0.308154
466.000000 0.304265
465.000000 0.300521
464.000000 0.297388
463.000000 0.293294
462.000000 0.289821
461.000000 0.287620
460.000000 0.283675
459.000000 0.279396
458.000000 0.276790
457.000000 0.275352
456.000000 0.272549
455.000000 0.269595
454.000000 0.267064
453.000000 0.264129
452.000000 0.262551
451.000000 0.260634
450.000000 0.257429
449.000000 0.253625
448.000000 0.250649
447.000000 0.248606
446.000000 0.246357
445.000000 0.244210
444.000000 0.241374
443.000000 0.239895
442.000000 0.237044
441.000000 0.234548
440.000000 0.232538
439.000000 0.229831
438.000000 0.228271
437.000000 0.225072
436.000000 0.223075
435.000000 0.219887
434.000000 0.220053
433.000000 0.218730
432.000000 0.218737
431.000000 0.218700
430.000000 0.217170
429.000000 0.216175
428.000000 0.214691
427.000000 0.215252
426.000000 0.213717
425.000000 0.212133
424.000000 0.207026
423.000000 0.204456
422.000000 0.198712
421.000000 0.196080
420.000000 0.203500
419.000000 0.202610
418.000000 0.203662
417.000000 0.203946
416.000000 0.204299
415.000000 0.199862
414.000000 0.197953
413.000000 0.196494
412.000000 0.195379
411.000000 0.194824
410.000000 0.194589
409.000000 0.191599
408.000000 0.189887
407.000000 0.191203
406.000000 0.189712
405.000000 0.187836
404.000000 0.187530
403.000000 0.182856
402.000000 0.180621
401.000000 0.184365
400.000000 0.183359
