Wavelength	OD
799.000000 0.012972
798.000000 0.016138
797.000000 0.012063
796.000000 0.011476
795.000000 0.013375
794.000000 0.015808
793.000000 0.016572
792.000000 0.013496
791.000000 0.013752
790.000000 0.013501
789.000000 0.013620
788.000000 0.014268
787.000000 0.013658
786.000000 0.011477
785.000000 0.014479
784.000000 0.014355
783.000000 0.012817
782.000000 0.009065
781.000000 0.008818
780.000000 0.007223
779.000000 0.008404
778.000000 0.009780
777.000000 0.008035
776.000000 0.008085
775.000000 0.007836
774.000000 0.009225
773.000000 0.008533
772.000000 0.009425
771.000000 0.006920
770.000000 0.007765
769.000000 0.008191
768.000000 0.007439
767.000000 0.009677
766.000000 0.010346
765.000000 0.011125
764.000000 0.009687
763.000000 0.011634
762.000000 0.010743
761.000000 0.009768
760.000000 0.011389
759.000000 0.010336
758.000000 0.010916
757.000000 0.010556
756.000000 0.012567
755.000000 0.010944
754.000000 0.012043
753.000000 0.013811
752.000000 0.012960
751.000000 0.014737
750.000000 0.016145
749.000000 0.015899
748.000000 0.015211
747.000000 0.018710
746.000000 0.017300
745.000000 0.015854
744.000000 0.015381
743.000000 0.015742
742.000000 0.011915
741.000000 0.012914
740.000000 0.011467
739.000000 0.012889
738.000000 0.012250
737.000000 0.013818
736.000000 0.013897
735.000000 0.015905
734.000000 0.015343
733.000000 0.015642
732.000000 0.015527
731.000000 0.014013
730.000000 0.012700
729.000000 0.010412
728.000000 0.011782
727.000000 0.010994
726.000000 0.009967
725.000000 0.010536
724.000000 0.008431
723.000000 0.009639
722.000000 0.009171
721.000000 0.011350
720.000000 0.010853
719.000000 0.011200
718.000000 0.010876
717.000000 0.010428
716.000000 0.010855
715.000000 0.010986
714.000000 0.011722
713.000000 0.010683
712.000000 0.010509
711.000000 0.010408
710.000000 0.011883
709.000000 0.010883
708.000000 0.011379
707.000000 0.012601
706.000000 0.012372
705.000000 0.012647
704.000000 0.012882
703.000000 0.013226
702.000000 0.013710
701.000000 0.013806
700.000000 0.015820
699.000000 0.014581
698.000000 0.015211
697.000000 0.016082
696.000000 0.015819
695.000000 0.015040
694.000000 0.014404
693.000000 0.016032
692.000000 0.016103
691.000000 0.016290
690.000000 0.016140
689.000000 0.014075
688.000000 0.012823
687.000000 0.013487
686.000000 0.012863
685.000000 0.011036
684.000000 0.010253
683.000000 0.011136
682.000000 0.012893
681.000000 0.014488
680.000000 0.016115
679.000000 0.016370
678.000000 0.017158
677.000000 0.017852
676.000000 0.017256
675.000000 0.016454
674.000000 0.016754
673.000000 0.017172
672.000000 0.016548
671.000000 0.015430
670.000000 0.015726
669.000000 0.016679
668.000000 0.017431
667.000000 0.016711
666.000000 0.016765
665.000000 0.017190
664.000000 0.017114
663.000000 0.018716
662.000000 0.019231
661.000000 0.018900
660.000000 0.018905
659.000000 0.019682
658.000000 0.018220
657.000000 0.019185
656.000000 0.020544
655.000000 0.019866
654.000000 0.020215
653.000000 0.021364
652.000000 0.022329
651.000000 0.024110
650.000000 0.025818
649.000000 0.026385
648.000000 0.028532
647.000000 0.030678
646.000000 0.032826
645.000000 0.034974
644.000000 0.037364
643.000000 0.039241
642.000000 0.041792
641.000000 0.044827
640.000000 0.047096
639.000000 0.050179
638.000000 0.052108
637.000000 0.054571
636.000000 0.055737
635.000000 0.057130
634.000000 0.057626
633.000000 0.057387
632.000000 0.056165
631.000000 0.055011
630.000000 0.053742
629.000000 0.051735
628.000000 0.050850
627.000000 0.047611
626.000000 0.045659
625.000000 0.044003
624.000000 0.041975
623.000000 0.039905
622.000000 0.037572
621.000000 0.037129
620.000000 0.036129
619.000000 0.035974
618.000000 0.035200
617.000000 0.034529
616.000000 0.034804
615.000000 0.033673
614.000000 0.034207
613.000000 0.033092
612.000000 0.032225
611.000000 0.032279
610.000000 0.032664
609.000000 0.032054
608.000000 0.029834
607.000000 0.029704
606.000000 0.029895
605.000000 0.029397
604.000000 0.029335
603.000000 0.029086
602.000000 0.029220
601.000000 0.028096
600.000000 0.029439
599.000000 0.030824
598.000000 0.030278
597.000000 0.031052
596.000000 0.030864
595.000000 0.030832
594.000000 0.030642
593.000000 0.031735
592.000000 0.031416
591.000000 0.031658
590.000000 0.032142
589.000000 0.033321
588.000000 0.034177
587.000000 0.035752
586.000000 0.036640
585.000000 0.037853
584.000000 0.039936
583.000000 0.038575
582.000000 0.039226
581.000000 0.039057
580.000000 0.038061
579.000000 0.036946
578.000000 0.035998
577.000000 0.035620
576.000000 0.034673
575.000000 0.035028
574.000000 0.034201
573.000000 0.032300
572.000000 0.032244
571.000000 0.030842
570.000000 0.030593
569.000000 0.030666
568.000000 0.030362
567.000000 0.029846
566.000000 0.029704
565.000000 0.029998
564.000000 0.029623
563.000000 0.030136
562.000000 0.030270
561.000000 0.028254
560.000000 0.027413
559.000000 0.027265
558.000000 0.026541
557.000000 0.026215
556.000000 0.026516
555.000000 0.026244
554.000000 0.026168
553.000000 0.026657
552.000000 0.026916
551.000000 0.025568
550.000000 0.025491
549.000000 0.025722
548.000000 0.025951
547.000000 0.026692
546.000000 0.026172
545.000000 0.025640
544.000000 0.025482
543.000000 0.026577
542.000000 0.027163
541.000000 0.026827
540.000000 0.026455
539.000000 0.025218
538.000000 0.025366
537.000000 0.026038
536.000000 0.025970
535.000000 0.026449
534.000000 0.025601
533.000000 0.025327
532.000000 0.025650
531.000000 0.025471
530.000000 0.024838
529.000000 0.024549
528.000000 0.024072
527.000000 0.023951
526.000000 0.023998
525.000000 0.024311
524.000000 0.024553
523.000000 0.025794
522.000000 0.026959
521.000000 0.026510
520.000000 0.024449
519.000000 0.023871
518.000000 0.023558
517.000000 0.024447
516.000000 0.024488
515.000000 0.023822
514.000000 0.023768
513.000000 0.023698
512.000000 0.024818
511.000000 0.026537
510.000000 0.026316
509.000000 0.025256
508.000000 0.026227
507.000000 0.026169
506.000000 0.026440
505.000000 0.026445
504.000000 0.025613
503.000000 0.026043
502.000000 0.025993
501.000000 0.025606
500.000000 0.024709
499.000000 0.024084
498.000000 0.023678
497.000000 0.022923
496.000000 0.022988
495.000000 0.022118
494.000000 0.022250
493.000000 0.022306
492.000000 0.021132
491.000000 0.020841
490.000000 0.020882
489.000000 0.020277
488.000000 0.020461
487.000000 0.018795
486.000000 0.018638
485.000000 0.017588
484.000000 0.017614
483.000000 0.018081
482.000000 0.017195
481.000000 0.017221
480.000000 0.016689
479.000000 0.016811
478.000000 0.016135
477.000000 0.017064
476.000000 0.017211
475.000000 0.016135
474.000000 0.016193
473.000000 0.016138
472.000000 0.015491
471.000000 0.015347
470.000000 0.014844
469.000000 0.014509
468.000000 0.015180
467.000000 0.015681
466.000000 0.014883
465.000000 0.014114
464.000000 0.014135
463.000000 0.015359
462.000000 0.014949
461.000000 0.014533
460.000000 0.014442
459.000000 0.013537
458.000000 0.014168
457.000000 0.015641
456.000000 0.015156
455.000000 0.014244
454.000000 0.015143
453.000000 0.014873
452.000000 0.013854
451.000000 0.013659
450.000000 0.013022
449.000000 0.012335
448.000000 0.011912
447.000000 0.010938
446.000000 0.011957
445.000000 0.012879
444.000000 0.013966
443.000000 0.014014
442.000000 0.013939
441.000000 0.012352
440.000000 0.012717
439.000000 0.012322
438.000000 0.010521
437.000000 0.008312
436.000000 0.007589
435.000000 0.007137
434.000000 0.008323
433.000000 0.009359
432.000000 0.010924
431.000000 0.012152
430.000000 0.014177
429.000000 0.015190
428.000000 0.015535
427.000000 0.016661
426.000000 0.016476
425.000000 0.016764
424.000000 0.015436
423.000000 0.015988
422.000000 0.014146
421.000000 0.014406
420.000000 0.013743
419.000000 0.013307
418.000000 0.015510
417.000000 0.016688
416.000000 0.018638
415.000000 0.017423
414.000000 0.017765
413.000000 0.016290
412.000000 0.016240
411.000000 0.014862
410.000000 0.014458
409.000000 0.012230
408.000000 0.012061
407.000000 0.013054
406.000000 0.012919
405.000000 0.013644
404.000000 0.016257
403.000000 0.016570
402.000000 0.018562
401.000000 0.022019
400.000000 0.020094
