Wavelength	OD
799.000000 0.011342
798.000000 0.015716
797.000000 0.013727
796.000000 0.012774
795.000000 0.013873
794.000000 0.012414
793.000000 0.012032
792.000000 0.011359
791.000000 0.015437
790.000000 0.011804
789.000000 0.014435
788.000000 0.013672
787.000000 0.012675
786.000000 0.009855
785.000000 0.013120
784.000000 0.015279
783.000000 0.010856
782.000000 0.011654
781.000000 0.010778
780.000000 0.012491
779.000000 0.013543
778.000000 0.019532
777.000000 0.016243
776.000000 0.014074
775.000000 0.013648
774.000000 0.014921
773.000000 0.014111
772.000000 0.013601
771.000000 0.011524
770.000000 0.010018
769.000000 0.011821
768.000000 0.011555
767.000000 0.014218
766.000000 0.014883
765.000000 0.016740
764.000000 0.014930
763.000000 0.016998
762.000000 0.018610
761.000000 0.018651
760.000000 0.018783
759.000000 0.016437
758.000000 0.017010
757.000000 0.016432
756.000000 0.018074
755.000000 0.015621
754.000000 0.014220
753.000000 0.014020
752.000000 0.014622
751.000000 0.017622
750.000000 0.015170
749.000000 0.015583
748.000000 0.014193
747.000000 0.017104
746.000000 0.016349
745.000000 0.016777
744.000000 0.015450
743.000000 0.016959
742.000000 0.015448
741.000000 0.013295
740.000000 0.018291
739.000000 0.020051
738.000000 0.020704
737.000000 0.022736
736.000000 0.022549
735.000000 0.021422
734.000000 0.020140
733.000000 0.019921
732.000000 0.019057
731.000000 0.016859
730.000000 0.017547
729.000000 0.014104
728.000000 0.014569
727.000000 0.015635
726.000000 0.015162
725.000000 0.017323
724.000000 0.017768
723.000000 0.021868
722.000000 0.021981
721.000000 0.023906
720.000000 0.023931
719.000000 0.024307
718.000000 0.025460
717.000000 0.026033
716.000000 0.028169
715.000000 0.029240
714.000000 0.028683
713.000000 0.030778
712.000000 0.031179
711.000000 0.031385
710.000000 0.032756
709.000000 0.031744
708.000000 0.029703
707.000000 0.029663
706.000000 0.031579
705.000000 0.031491
704.000000 0.032497
703.000000 0.034603
702.000000 0.033742
701.000000 0.035175
700.000000 0.038390
699.000000 0.038256
698.000000 0.040841
697.000000 0.043042
696.000000 0.045445
695.000000 0.046361
694.000000 0.050191
693.000000 0.053572
692.000000 0.056307
691.000000 0.059991
690.000000 0.061528
689.000000 0.062253
688.000000 0.063596
687.000000 0.065202
686.000000 0.066302
685.000000 0.068726
684.000000 0.070970
683.000000 0.074791
682.000000 0.080436
681.000000 0.086805
680.000000 0.093592
679.000000 0.100941
678.000000 0.106956
677.000000 0.113033
676.000000 0.119734
675.000000 0.125741
674.000000 0.132899
673.000000 0.140551
672.000000 0.149847
671.000000 0.159797
670.000000 0.172656
669.000000 0.187539
668.000000 0.202990
667.000000 0.221573
666.000000 0.241832
665.000000 0.264733
664.000000 0.290728
663.000000 0.321660
662.000000 0.356528
661.000000 0.396302
660.000000 0.443870
659.000000 0.496768
658.000000 0.555907
657.000000 0.625038
656.000000 0.699346
655.000000 0.781779
654.000000 0.873049
653.000000 0.972268
652.000000 1.078724
651.000000 1.192278
650.000000 1.315282
649.000000 1.441210
648.000000 1.578331
647.000000 1.715595
646.000000 1.864116
645.000000 2.017125
644.000000 2.155276
643.000000 2.274493
642.000000 2.386223
641.000000 2.510265
640.000000 2.577777
639.000000 2.672351
638.000000 2.634462
637.000000 2.635069
636.000000 2.673803
635.000000 2.668774
634.000000 2.605445
633.000000 2.555118
632.000000 2.509752
631.000000 2.441287
630.000000 2.396974
629.000000 2.315136
628.000000 2.239159
627.000000 2.170717
626.000000 2.091076
625.000000 2.007188
624.000000 1.927085
623.000000 1.852222
622.000000 1.779812
621.000000 1.713826
620.000000 1.647864
619.000000 1.586395
618.000000 1.534276
617.000000 1.486056
616.000000 1.441999
615.000000 1.397468
614.000000 1.359944
613.000000 1.324370
612.000000 1.292024
611.000000 1.262182
610.000000 1.236831
609.000000 1.213783
608.000000 1.193348
607.000000 1.177517
606.000000 1.165359
605.000000 1.156528
604.000000 1.151080
603.000000 1.152765
602.000000 1.154009
601.000000 1.161597
600.000000 1.174906
599.000000 1.194321
598.000000 1.213927
597.000000 1.240431
596.000000 1.269574
595.000000 1.301316
594.000000 1.341505
593.000000 1.377120
592.000000 1.415188
591.000000 1.453425
590.000000 1.490055
589.000000 1.518033
588.000000 1.546225
587.000000 1.569580
586.000000 1.579350
585.000000 1.590709
584.000000 1.590488
583.000000 1.579413
582.000000 1.565044
581.000000 1.548672
580.000000 1.527507
579.000000 1.496923
578.000000 1.470559
577.000000 1.441432
576.000000 1.418980
575.000000 1.395463
574.000000 1.373870
573.000000 1.354134
572.000000 1.339294
571.000000 1.328728
570.000000 1.321088
569.000000 1.316863
568.000000 1.310910
567.000000 1.308215
566.000000 1.309588
565.000000 1.309406
564.000000 1.304453
563.000000 1.297624
562.000000 1.291072
561.000000 1.277912
560.000000 1.265947
559.000000 1.249712
558.000000 1.231232
557.000000 1.213577
556.000000 1.196458
555.000000 1.180449
554.000000 1.163873
553.000000 1.147140
552.000000 1.128898
551.000000 1.114918
550.000000 1.098428
549.000000 1.085005
548.000000 1.070973
547.000000 1.057102
546.000000 1.044926
545.000000 1.032620
544.000000 1.019116
543.000000 1.006431
542.000000 0.993843
541.000000 0.980439
540.000000 0.965920
539.000000 0.949147
538.000000 0.931823
537.000000 0.916471
536.000000 0.902737
535.000000 0.887343
534.000000 0.874383
533.000000 0.860011
532.000000 0.849984
531.000000 0.839851
530.000000 0.830670
529.000000 0.823543
528.000000 0.817499
527.000000 0.812372
526.000000 0.806878
525.000000 0.802295
524.000000 0.794692
523.000000 0.784994
522.000000 0.774988
521.000000 0.764080
520.000000 0.750800
519.000000 0.747908
518.000000 0.744143
517.000000 0.739130
516.000000 0.728669
515.000000 0.717685
514.000000 0.706738
513.000000 0.694961
512.000000 0.684774
511.000000 0.675376
510.000000 0.664285
509.000000 0.655741
508.000000 0.646898
507.000000 0.638399
506.000000 0.630332
505.000000 0.622727
504.000000 0.613474
503.000000 0.605070
502.000000 0.596961
501.000000 0.587596
500.000000 0.578241
499.000000 0.569489
498.000000 0.560995
497.000000 0.552236
496.000000 0.545784
495.000000 0.538290
494.000000 0.531965
493.000000 0.525183
492.000000 0.518025
491.000000 0.512093
490.000000 0.506278
489.000000 0.500650
488.000000 0.494719
487.000000 0.487863
486.000000 0.482313
485.000000 0.477333
484.000000 0.472313
483.000000 0.467861
482.000000 0.463091
481.000000 0.457110
480.000000 0.451796
479.000000 0.447693
478.000000 0.441435
477.000000 0.437334
476.000000 0.432437
475.000000 0.425896
474.000000 0.420450
473.000000 0.415929
472.000000 0.411201
471.000000 0.406113
470.000000 0.402940
469.000000 0.397250
468.000000 0.392462
467.000000 0.386522
466.000000 0.381230
465.000000 0.376495
464.000000 0.371658
463.000000 0.368336
462.000000 0.361903
461.000000 0.356964
460.000000 0.353793
459.000000 0.351032
458.000000 0.347721
457.000000 0.345207
456.000000 0.341876
455.000000 0.337265
454.000000 0.335696
453.000000 0.334360
452.000000 0.330700
451.000000 0.328837
450.000000 0.326632
449.000000 0.324320
448.000000 0.320994
447.000000 0.318630
446.000000 0.316339
445.000000 0.312865
444.000000 0.309789
443.000000 0.306313
442.000000 0.303451
441.000000 0.299243
440.000000 0.296686
439.000000 0.292424
438.000000 0.289432
437.000000 0.285024
436.000000 0.282003
435.000000 0.278940
434.000000 0.275625
433.000000 0.273795
432.000000 0.271184
431.000000 0.271274
430.000000 0.268953
429.000000 0.267439
428.000000 0.266181
427.000000 0.265005
426.000000 0.263114
425.000000 0.259456
424.000000 0.254110
423.000000 0.249303
422.000000 0.243681
421.000000 0.239224
420.000000 0.237318
419.000000 0.238416
418.000000 0.238675
417.000000 0.239665
416.000000 0.242174
415.000000 0.237895
414.000000 0.235853
413.000000 0.234537
412.000000 0.230737
411.000000 0.228075
410.000000 0.226645
409.000000 0.223392
408.000000 0.218371
407.000000 0.216621
406.000000 0.215968
405.000000 0.215126
404.000000 0.215195
403.000000 0.212628
402.000000 0.213898
401.000000 0.213225
400.000000 0.210645
