196.21	3153.00
197.01	885.04
197.81	1325.24
198.61	858.84
199.41	890.84
200.21	874.24
201.01	856.24
201.81	837.84
202.61	917.64
203.41	898.04
204.22	1045.84
205.02	1136.84
205.82	1132.24
206.62	1101.44
207.42	1088.44
208.22	963.24
209.02	886.44
209.82	902.44
210.62	962.04
211.42	925.04
212.22	939.04
213.02	943.04
213.82	975.44
214.61	863.04
215.41	943.04
216.21	939.04
217.01	946.04
217.81	1046.04
218.61	1078.24
219.41	1027.24
220.21	1003.64
221.01	1005.64
221.81	855.64
222.61	831.64
223.41	841.04
224.20	911.04
225.00	938.84
225.80	943.64
226.60	1083.64
227.40	1082.44
228.20	1010.04
228.99	973.24
229.79	1078.64
230.59	940.04
231.39	1040.24
232.19	1037.64
232.98	1056.64
233.78	997.24
234.58	993.44
235.38	946.04
236.18	951.44
236.97	1001.04
237.77	974.24
238.57	962.04
239.37	882.04
240.16	867.64
240.96	816.04
241.76	913.64
242.55	934.64
243.35	998.44
244.15	1007.64
244.94	1380.84
245.74	1344.84
246.54	1327.84
247.33	1272.64
248.13	1292.64
248.93	925.04
249.72	826.44
250.52	890.44
251.32	899.64
252.11	882.64
252.91	872.44
253.70	891.44
254.50	827.04
255.30	828.64
256.09	866.84
256.89	860.04
257.68	868.64
258.48	894.64
259.27	906.64
260.07	965.44
260.87	940.04
261.66	939.04
262.46	925.84
263.25	910.04
264.05	832.04
264.84	870.84
265.64	940.44
266.43	1204.64
267.23	1194.64
268.02	1169.64
268.81	1165.24
269.61	1090.04
270.40	806.84
271.20	868.44
271.99	851.04
272.79	833.04
273.58	833.44
274.38	839.64
275.17	841.24
275.96	858.84
276.76	866.64
277.55	984.84
278.34	1024.64
279.14	967.84
279.93	956.24
280.73	923.84
281.52	795.24
282.31	827.84
283.11	843.44
283.90	880.44
284.69	901.64
285.49	908.24
286.28	832.24
287.07	804.04
287.86	826.44
288.66	868.24
289.45	1000.44
290.24	1014.64
291.03	1085.44
291.83	1081.64
292.62	1037.44
293.41	941.44
294.20	947.04
295.00	869.84
295.79	822.24
296.58	810.64
297.37	802.64
298.16	785.04
298.96	797.24
299.75	834.44
300.54	897.24
301.33	901.84
302.12	931.64
302.92	990.24
303.71	1024.64
304.50	997.44
305.29	974.84
306.08	946.04
306.87	896.24
307.66	836.04
308.45	1044.24
309.24	1036.24
310.04	1042.84
310.83	1057.64
311.62	1059.64
312.41	828.44
313.20	847.44
313.99	876.84
314.78	872.84
315.57	853.44
316.36	877.84
317.15	863.84
317.94	841.24
318.73	884.04
319.52	890.04
320.31	906.44
321.10	892.24
321.89	881.84
322.68	831.24
323.47	946.84
324.26	1083.24
325.05	1149.44
325.84	1343.84
326.63	1330.64
327.42	1334.64
328.20	1155.64
328.99	1098.24
329.78	897.84
330.57	944.84
331.36	1008.04
332.15	1021.44
332.94	1062.04
333.73	1074.04
334.52	1054.04
335.30	860.24
336.09	914.24
336.88	939.44
337.67	934.64
338.46	914.64
339.25	929.44
340.03	868.84
340.82	787.04
341.61	791.84
342.40	815.64
343.19	811.64
343.97	812.84
344.76	841.64
345.55	825.64
346.34	822.24
347.12	828.64
347.91	824.44
348.70	875.24
349.48	929.64
350.27	918.04
351.06	915.84
351.85	918.84
352.63	1025.44
353.42	970.84
354.21	961.64
354.99	976.24
355.78	974.24
356.57	814.84
357.35	827.24
358.14	825.04
358.93	900.04
359.71	891.24
360.50	907.04
361.28	903.64
362.07	888.24
362.86	832.44
363.64	904.64
364.43	908.44
365.21	917.44
366.00	932.44
366.78	874.84
367.57	803.64
368.36	850.04
369.14	1094.24
369.93	1175.24
370.71	1259.24
371.50	1283.04
372.28	1230.64
373.07	997.64
373.85	1085.84
374.64	1056.84
375.42	1064.44
376.21	1178.64
376.99	1171.44
377.78	1004.44
378.56	961.64
379.34	966.24
380.13	829.04
380.91	835.04
381.70	851.24
382.48	864.44
383.27	892.84
384.05	961.64
384.83	952.64
385.62	1011.24
386.40	1054.84
387.18	1039.24
387.97	968.84
388.75	996.04
389.54	944.44
390.32	899.44
391.10	869.44
391.89	881.84
392.67	860.44
393.45	843.04
394.23	906.44
395.02	901.44
395.80	937.24
396.58	981.44
397.37	1159.44
398.15	1104.84
398.93	1094.84
399.71	1053.44
400.50	999.44
401.28	828.04
402.06	817.64
402.84	844.84
403.63	868.44
404.41	858.24
405.19	848.64
405.97	886.44
406.75	956.24
407.53	934.24
408.32	979.84
409.10	992.64
409.88	960.04
410.66	905.64
411.44	937.24
412.22	908.44
413.01	906.84
413.79	976.04
414.57	960.84
415.35	917.64
416.13	917.84
416.91	1033.24
417.69	1021.44
418.47	1010.44
419.25	1187.24
420.03	1197.84
420.81	1067.44
421.59	1009.44
422.37	1030.84
423.16	899.44
423.94	1012.64
424.72	1034.44
425.50	1168.44
426.28	1153.44
427.06	1179.44
427.84	1142.24
428.62	1126.44
429.40	1001.04
430.17	1008.64
430.95	962.04
431.73	902.04
432.51	920.44
433.29	929.24
434.07	905.64
434.85	919.84
435.63	892.04
436.41	880.44
437.19	887.84
437.97	912.84
438.75	1030.44
439.52	1174.84
440.30	1188.44
441.08	1232.64
441.86	1262.44
442.64	1139.64
443.42	1011.24
444.20	1011.64
444.97	992.84
445.75	968.24
446.53	984.04
447.31	1017.64
448.09	1043.44
448.86	1065.04
449.64	1078.24
450.42	1183.24
451.20	1183.44
451.98	1226.04
452.75	1238.44
453.53	1262.24
454.31	1174.44
455.08	1173.84
455.86	1453.24
456.64	1423.04
457.42	1418.04
458.19	1421.44
458.97	1439.04
459.75	1132.24
460.52	1120.44
461.30	1178.24
462.08	1171.04
462.85	1156.04
463.63	1159.44
464.41	1174.24
465.18	1128.04
465.96	1184.04
466.74	1188.64
467.51	1168.24
468.29	1155.44
469.06	1159.24
469.84	1106.24
470.62	1106.44
471.39	1220.24
472.17	1321.64
472.94	1329.04
473.72	1350.24
474.49	1371.64
475.27	1294.04
476.04	1231.84
476.82	1233.04
477.59	1261.44
478.37	1278.44
479.14	1295.04
479.92	1331.64
480.69	1378.04
481.47	1430.64
482.24	1491.44
483.02	1554.44
483.79	1558.44
484.57	1586.04
485.34	1552.64
486.12	1518.84
486.89	1482.84
487.66	1508.64
488.44	1452.24
489.21	1437.64
489.99	1433.64
490.76	1456.04
491.53	1460.44
492.31	1490.84
493.08	1505.64
493.86	1553.24
494.63	1579.04
495.40	1586.64
496.18	1637.84
496.95	1828.64
497.72	1792.84
498.50	1775.04
499.27	1836.04
500.04	1782.44
500.81	1596.84
501.59	1618.84
502.36	1625.44
503.13	1535.04
503.91	1688.24
504.68	1701.24
505.45	1680.64
506.22	1669.24
507.00	1686.44
507.77	1552.24
508.54	1558.04
509.31	1571.64
510.08	1589.24
510.86	1675.84
511.63	1712.04
512.40	1719.84
513.17	1781.24
513.94	1769.84
514.72	1669.24
515.49	1639.44
516.26	1632.44
517.03	1602.24
517.80	1622.04
518.57	1629.84
519.34	1601.84
520.11	1603.24
520.89	1576.24
521.66	1557.44
522.43	1591.64
523.20	1629.44
523.97	1626.24
524.74	1636.24
525.51	1651.04
526.28	1621.64
527.05	1618.04
527.82	1615.24
528.59	1713.44
529.36	1663.84
530.13	1757.64
530.90	1747.64
531.67	1748.84
532.44	1636.24
533.21	1673.04
533.98	1658.84
534.75	1664.64
535.52	1660.84
536.29	1641.44
537.06	1608.44
537.83	1542.64
538.60	1507.04
539.37	1492.84
540.14	1527.04
540.91	1524.64
541.67	1640.04
542.44	1645.84
543.21	1667.24
543.98	1614.24
544.75	1603.64
545.52	1444.44
546.29	1409.44
547.06	1399.44
547.82	1463.04
548.59	1482.84
549.36	1598.24
550.13	1641.44
550.90	1702.64
551.67	1661.44
552.43	1653.84
553.20	1590.84
553.97	1562.84
554.74	1443.84
555.50	1490.44
556.27	1476.84
557.04	1480.24
557.81	1492.04
558.57	1575.44
559.34	1765.04
560.11	1809.04
560.88	1732.84
561.64	1721.64
562.41	1736.64
563.18	1491.04
563.94	1475.44
564.71	1563.64
565.48	1556.84
566.24	1490.44
567.01	1532.04
567.78	1497.84
568.54	1407.44
569.31	1485.04
570.08	1471.44
570.84	1408.64
571.61	1462.04
572.37	1572.24
573.14	1631.84
573.91	1622.64
574.67	1607.64
575.44	1517.44
576.20	1409.64
576.97	1252.84
577.73	1243.04
578.50	1227.64
579.27	1224.24
580.03	1218.84
580.80	1214.44
581.56	1224.04
582.33	1342.24
583.09	1361.64
583.86	1343.84
584.62	1531.84
585.39	1519.64
586.15	1385.84
586.91	1419.24
587.68	1428.44
588.44	1251.84
589.21	1293.84
589.97	1333.04
590.74	1355.24
591.50	1361.24
592.27	1388.64
593.03	1419.04
593.79	1446.24
594.56	1470.44
595.32	1506.04
596.08	1546.84
596.85	1547.04
597.61	1573.64
598.38	1576.64
599.14	1617.84
599.90	1627.24
600.67	1676.24
601.43	1676.84
602.19	1676.44
602.95	1663.04
603.72	1682.84
604.48	1648.64
605.24	1642.44
606.01	1723.64
606.77	1804.04
607.53	1850.04
608.29	1876.64
609.06	1889.24
609.82	1832.64
610.58	1744.64
611.34	1746.84
612.11	1668.24
612.87	1687.44
613.63	1651.04
614.39	1650.24
615.15	1524.04
615.92	1528.44
616.68	1444.44
617.44	1446.04
618.20	1383.84
618.96	1403.04
619.72	1354.04
620.48	1329.44
621.25	1251.84
622.01	1231.44
622.77	1193.84
623.53	1223.44
624.29	1213.44
625.05	1184.64
625.81	1153.24
626.57	1124.84
627.33	1089.44
628.09	1158.04
628.85	1201.84
629.61	1208.04
630.37	1169.84
631.14	1208.84
631.90	1122.24
632.66	1135.84
633.42	1122.64
634.18	1158.04
634.94	1105.24
635.70	1107.04
636.46	1049.84
637.21	1075.24
637.97	1223.24
638.73	1239.04
639.49	1257.04
640.25	1286.24
641.01	1296.24
641.77	1146.64
642.53	1126.44
643.29	1125.64
644.05	1092.04
644.81	1132.24
645.57	1184.64
646.33	1236.64
647.08	1292.84
647.84	1401.64
648.60	1452.44
649.36	1520.44
650.12	1635.24
650.88	1855.24
651.63	2045.04
652.39	2285.24
653.15	2445.24
653.91	2659.84
654.67	2772.64
655.42	2945.64
656.18	3202.64
656.94	3531.44
657.70	3777.44
658.46	4031.24
659.21	4275.24
659.97	4499.44
660.73	4694.44
661.49	4976.44
662.24	5404.84
663.00	5635.04
663.76	5797.24
664.51	6019.44
665.27	6221.04
666.03	6253.04
666.78	6453.04
667.54	6630.24
668.30	6786.44
669.05	6913.84
669.81	7047.04
670.57	7208.64
671.32	7348.04
672.08	7469.64
672.84	7691.64
673.59	7821.04
674.35	7889.84
675.10	8053.44
675.86	8164.04
676.62	8289.24
677.37	8486.04
678.13	8569.44
678.88	8583.64
679.64	8674.64
680.39	8743.44
681.15	8702.64
681.90	8879.04
682.66	8943.84
683.41	9022.64
684.17	8999.44
684.92	9102.24
685.68	9081.44
686.43	9146.64
687.19	9162.04
687.94	9151.04
688.70	9161.84
689.45	9187.84
690.21	9217.84
690.96	9247.84
691.72	9287.04
692.47	9301.84
693.22	9351.44
693.98	9394.04
694.73	9482.84
695.49	9591.24
696.24	9624.44
696.99	9660.84
697.75	9683.04
698.50	9638.04
699.25	9588.64
700.01	9603.44
700.76	9569.84
701.51	9590.64
702.27	9657.24
703.02	9688.64
703.77	9933.44
704.53	9961.64
705.28	9966.24
706.03	9996.04
706.79	9980.84
707.54	9738.04
708.29	9734.64
709.04	9751.84
709.80	9689.64
710.55	9698.84
711.30	9699.44
712.05	9705.44
712.80	9675.44
713.56	9669.84
714.31	9695.84
715.06	9687.44
715.81	9681.44
716.56	9643.64
717.32	9606.64
718.07	9559.84
718.82	9589.04
719.57	9550.04
720.32	9540.64
721.07	9503.04
721.83	9429.84
722.58	9358.64
723.33	9343.44
724.08	9311.64
724.83	9294.84
725.58	9278.64
726.33	9272.24
727.08	9239.64
727.83	9253.24
728.58	9254.64
729.33	9235.84
730.08	9209.64
730.83	9199.84
731.58	9165.44
732.34	9141.24
733.09	9115.64
733.84	9097.84
734.59	9117.64
735.34	9063.24
736.09	9038.84
736.83	9099.24
737.58	9058.84
738.33	8982.24
739.08	8967.84
739.83	9052.04
740.58	8927.44
741.33	8894.24
742.08	8899.44
742.83	8884.44
743.58	8792.44
744.33	8837.24
745.08	8830.24
745.83	8763.64
746.57	8786.24
747.32	8759.44
748.07	8783.44
748.82	8814.84
749.57	8854.44
750.32	8841.44
751.07	9379.04
751.81	9310.64
752.56	9259.24
753.31	9216.24
754.06	9190.44
754.81	8615.24
755.55	8584.04
756.30	8564.04
757.05	8570.04
757.80	8626.64
758.55	8618.64
759.29	8607.04
760.04	8578.64
760.79	8653.64
761.53	8526.64
762.28	8473.04
763.03	8430.04
763.78	8413.24
764.52	8312.44
765.27	8326.44
766.02	8326.44
766.76	8363.64
767.51	8394.44
768.26	8402.04
769.00	8327.44
769.75	8315.04
770.50	8506.04
771.24	8405.24
771.99	8290.44
772.73	8419.64
773.48	8374.64
774.23	8140.24
774.97	8143.64
775.72	8144.44
776.46	7951.64
777.21	7917.04
777.96	7822.84
778.70	7804.44
779.45	7798.04
780.19	7797.44
780.94	7757.44
781.68	7868.24
782.43	7798.24
783.17	7737.24
783.92	7733.04
784.66	7710.64
785.41	7574.64
786.15	7589.04
786.90	7619.04
787.64	7662.84
788.39	7721.44
789.13	7682.44
789.87	7773.24
790.62	7709.44
791.36	7617.64
792.11	7501.04
792.85	7542.84
793.60	7389.04
794.34	7342.44
795.08	7270.84
795.83	7242.64
796.57	7128.84
797.31	7048.04
798.06	7000.04
798.80	7030.04
799.54	6976.24
800.29	6900.64
801.03	6857.84
801.77	6806.24
802.52	6918.24
803.26	6899.64
804.00	6948.84
804.75	6992.04
805.49	7035.04
806.23	6832.84
806.97	6828.84
807.72	6735.24
808.46	6645.64
809.20	6572.84
809.94	6509.44
810.69	6470.84
811.43	6441.24
812.17	6416.24
812.91	6362.24
813.65	6564.44
814.40	6522.24
815.14	6526.84
815.88	6515.44
816.62	6509.44
817.36	6342.84
818.11	6437.84
818.85	6341.44
819.59	6282.24
820.33	6247.44
821.07	6167.64
821.81	6009.24
822.55	6081.44
823.29	6080.04
824.03	6054.24
824.78	5976.64
825.52	5961.84
826.26	5911.64
827.00	6091.44
827.74	6050.84
828.48	6020.84
829.22	6118.44
829.96	6189.84
830.70	6010.44
831.44	6059.64
832.18	6092.24
832.92	5994.44
833.66	5878.04
834.40	5876.04
835.14	5833.84
835.88	5798.44
836.62	5787.84
837.36	5793.64
838.10	5723.04
838.84	5660.04
839.58	5630.84
840.31	5562.04
841.05	5491.04
841.79	5496.64
842.53	5494.04
843.27	5606.24
844.01	5575.04
844.75	5559.84
845.49	5523.24
846.23	5536.44
846.96	5406.84
847.70	5554.24
848.44	5577.84
849.18	5575.44
849.92	5537.24
850.66	5495.44
851.39	5359.84
852.13	5470.64
852.87	5444.64
853.61	5455.04
854.35	5435.84
855.08	5405.04
855.82	5269.04
856.56	5275.04
857.30	5357.04
858.03	5365.04
858.77	5418.04
859.51	5446.64
860.24	5457.44
860.98	5328.64
861.72	5278.04
862.46	5156.04
863.19	5053.24
863.93	4975.64
864.67	4992.24
865.40	5069.44
866.14	5082.84
866.88	5056.44
867.61	5030.84
868.35	4964.24
869.08	4916.04
869.82	4875.04
870.56	4878.24
871.29	5003.84
872.03	5063.84
872.76	5009.24
873.50	5024.84
874.24	5105.84
874.97	5020.44
875.71	4902.84
876.44	4937.04
877.18	4916.44
877.91	4821.64
878.65	4805.84
879.38	4794.04
880.12	4760.24
880.85	4712.04
881.59	4771.04
882.32	4667.04
883.06	4797.64
883.79	4723.04
884.53	4843.24
885.26	4861.84
886.00	4869.44
886.73	4786.24
887.47	4784.64
888.20	4700.64
888.93	4637.04
889.67	4706.24
890.40	4701.44
891.14	4722.04
891.87	4850.24
892.60	4761.04
893.34	4670.24
894.07	4586.04
894.80	4556.24
895.54	4376.04
896.27	4568.64
897.01	4550.24
897.74	4555.24
898.47	4553.04
899.20	4528.44
899.94	4307.24
900.67	4386.44
901.40	4330.64
902.14	4321.04
902.87	4312.04
903.60	4301.64
904.33	4213.44
905.07	4235.44
905.80	4248.24
906.53	4230.84
907.26	4218.64
908.00	4198.04
908.73	4165.84
909.46	4106.24
910.19	4088.24
910.92	4052.44
911.66	4046.04
912.39	4033.44
913.12	4007.24
913.85	4003.24
914.58	4048.84
915.31	4024.04
916.04	4069.64
916.78	4107.24
917.51	4060.84
918.24	4064.24
918.97	4034.64
919.70	4022.64
920.43	3949.24
921.16	3966.64
921.89	3885.64
922.62	3865.84
923.35	3753.24
924.08	3716.84
924.82	3683.44
925.55	3650.64
926.28	3615.84
927.01	3642.44
927.74	3647.64
928.47	3640.84
929.20	3702.24
929.93	3679.24
930.66	3610.64
931.39	3606.24
932.12	3495.64
932.84	3314.44
933.57	3247.44
934.30	3200.64
935.03	3058.04
935.76	3057.44
936.49	3022.84
937.22	2927.64
937.95	2867.04
938.68	2786.64
939.41	2656.64
940.14	2558.44
940.86	2482.84
941.59	2520.24
942.32	2641.84
943.05	2602.44
943.78	2579.24
944.51	2604.84
945.24	2468.84
945.96	2341.24
946.69	2450.04
947.42	2471.04
948.15	2473.64
948.88	2480.44
949.60	2557.44
950.33	2510.24
951.06	2516.84
951.79	2548.44
952.51	2681.64
953.24	2637.84
953.97	2680.04
954.70	2727.84
955.42	2758.04
956.15	2747.44
956.88	2767.24
957.60	2737.84
958.33	2775.24
959.06	2803.84
959.78	2836.04
960.51	2848.84
961.24	2887.64
961.96	2874.64
962.69	2840.24
963.42	2821.64
964.14	2808.44
964.87	2854.04
965.60	2871.84
966.32	2877.04
967.05	2847.64
967.77	2858.44
968.50	2798.44
969.23	2794.84
969.95	2802.64
970.68	2818.64
971.40	2809.44
972.13	2902.84
972.85	2908.24
973.58	2901.84
974.30	2838.84
975.03	2862.64
975.75	2741.04
976.48	2301.24
977.20	1757.64
977.93	1226.24
978.65	659.04
979.38	268.44
980.10	315.04
980.83	460.24
981.55	622.84
982.28	779.04
983.00	821.44
983.72	1160.04
984.45	1569.04
985.17	1932.64
985.90	2274.44
986.62	2595.44
987.34	2562.44
988.07	2008.24
988.79	1481.44
989.51	1115.04
990.24	747.84
990.96	659.04
991.68	659.04

