196.21	3155.00
197.01	869.82
197.81	1328.26
198.61	863.62
199.41	900.22
200.21	883.62
201.01	863.22
201.81	839.82
202.61	921.22
203.41	901.42
204.22	1035.42
205.02	1129.42
205.82	1129.82
206.62	1087.82
207.42	1073.02
208.22	958.42
209.02	880.22
209.82	895.22
210.62	954.02
211.42	916.82
212.22	931.82
213.02	937.82
213.82	969.22
214.61	864.22
215.41	946.42
216.21	946.42
217.01	951.22
217.81	1045.62
218.61	1078.62
219.41	1022.42
220.21	994.62
221.01	995.22
221.81	851.22
222.61	827.82
223.41	836.62
224.20	905.22
225.00	933.82
225.80	937.02
226.60	1069.82
227.40	1073.42
228.20	1003.22
228.99	964.82
229.79	1083.02
230.59	952.22
231.39	1049.02
232.19	1045.82
232.98	1067.22
233.78	995.82
234.58	993.62
235.38	950.82
236.18	956.82
236.97	1004.22
237.77	978.82
238.57	963.22
239.37	879.02
240.16	861.42
240.96	810.22
241.76	906.02
242.55	930.02
243.35	994.82
244.15	1007.42
244.94	1381.42
245.74	1346.62
246.54	1328.22
247.33	1274.62
248.13	1297.42
248.93	932.22
249.72	835.82
250.52	897.02
251.32	904.62
252.11	887.62
252.91	876.02
253.70	894.22
254.50	831.22
255.30	833.82
256.09	867.82
256.89	859.02
257.68	864.42
258.48	888.82
259.27	903.02
260.07	956.22
260.87	931.42
261.66	932.02
262.46	918.82
263.25	900.22
264.05	829.02
264.84	869.62
265.64	937.82
266.43	1201.02
267.23	1191.82
268.02	1165.62
268.81	1158.42
269.61	1086.02
270.40	806.82
271.20	875.42
271.99	861.02
272.79	842.82
273.58	839.42
274.38	844.62
275.17	839.02
275.96	855.22
276.76	862.62
277.55	968.22
278.34	1007.22
279.14	950.42
279.93	939.82
280.73	910.02
281.52	794.62
282.31	835.82
283.11	855.02
283.90	894.42
284.69	915.62
285.49	923.22
286.28	838.82
287.07	808.62
287.86	839.22
288.66	880.42
289.45	1011.42
290.24	1030.62
291.03	1108.62
291.83	1092.42
292.62	1048.22
293.41	956.22
294.20	960.02
295.00	873.22
295.79	824.82
296.58	812.02
297.37	803.42
298.16	785.62
298.96	799.22
299.75	819.62
300.54	899.02
301.33	903.42
302.12	931.02
302.92	988.22
303.71	1041.02
304.50	996.62
305.29	973.42
306.08	946.82
306.87	898.42
307.66	835.42
308.45	1043.22
309.24	1035.42
310.04	1039.62
310.83	1053.62
311.62	1055.62
312.41	825.62
313.20	842.62
313.99	871.62
314.78	867.62
315.57	852.82
316.36	895.82
317.15	883.82
317.94	860.62
318.73	908.42
319.52	912.22
320.31	912.22
321.10	898.22
321.89	890.22
322.68	838.82
323.47	956.22
324.26	1087.62
325.05	1148.62
325.84	1347.02
326.63	1332.62
327.42	1334.42
328.20	1160.02
328.99	1105.02
329.78	899.22
330.57	945.42
331.36	1008.62
332.15	1020.62
332.94	1064.82
333.73	1078.22
334.52	1059.82
335.30	866.02
336.09	920.62
336.88	944.42
337.67	941.62
338.46	917.82
339.25	931.82
340.03	873.02
340.82	790.22
341.61	795.42
342.40	822.42
343.19	821.42
343.97	821.02
344.76	851.62
345.55	830.82
346.34	826.82
347.12	831.82
347.91	826.22
348.70	876.42
349.48	931.62
350.27	914.42
351.06	911.22
351.85	915.62
352.63	1021.22
353.42	963.82
354.21	959.42
354.99	974.62
355.78	971.22
356.57	811.02
357.35	825.82
358.14	819.02
358.93	894.02
359.71	887.42
360.50	904.02
361.28	901.62
362.07	889.42
362.86	833.82
363.64	903.22
364.43	908.62
365.21	917.82
366.00	932.82
366.78	873.22
367.57	803.02
368.36	822.42
369.14	1064.02
369.93	1149.22
370.71	1194.02
371.50	1220.62
372.28	1192.82
373.07	962.02
373.85	1046.42
374.64	1049.62
375.42	1053.42
376.21	1140.22
376.99	1133.82
377.78	964.62
378.56	932.22
379.34	935.82
380.13	826.42
380.91	830.82
381.70	854.02
382.48	863.42
383.27	893.02
384.05	961.02
384.83	951.42
385.62	1006.42
386.40	1050.82
387.18	1036.42
387.97	965.02
388.75	997.82
389.54	944.22
390.32	898.82
391.10	868.82
391.89	880.82
392.67	853.22
393.45	833.62
394.23	894.22
395.02	884.62
395.80	921.62
396.58	966.62
397.37	1145.82
398.15	1093.82
398.93	1089.82
399.71	1047.22
400.50	993.22
401.28	822.22
402.06	811.22
402.84	832.02
403.63	857.02
404.41	846.42
405.19	834.82
405.97	872.22
406.75	944.82
407.53	922.82
408.32	988.62
409.10	999.42
409.88	965.22
410.66	907.62
411.44	935.02
412.22	885.62
413.01	884.82
413.79	954.02
414.57	943.62
415.35	901.42
416.13	900.42
416.91	1021.42
417.69	1008.42
418.47	993.02
419.25	1169.22
420.03	1177.22
420.81	1042.82
421.59	985.82
422.37	1009.62
423.16	882.02
423.94	938.62
424.72	955.62
425.50	1087.22
426.28	1070.42
427.06	1086.82
427.84	1091.82
428.62	1078.22
429.40	952.62
430.17	957.02
430.95	914.22
431.73	868.62
432.51	886.22
433.29	892.62
434.07	871.42
434.85	885.02
435.63	853.62
436.41	838.82
437.19	847.82
437.97	869.22
438.75	983.62
439.52	1115.02
440.30	1127.22
441.08	1170.22
441.86	1195.82
442.64	1072.02
443.42	957.22
444.20	957.62
444.97	935.22
445.75	911.02
446.53	923.42
447.31	948.42
448.09	968.22
448.86	986.42
449.64	993.82
450.42	1094.02
451.20	1097.22
451.98	1132.02
452.75	1137.42
453.53	1158.02
454.31	1069.62
455.08	1057.62
455.86	1340.42
456.64	1308.42
457.42	1303.02
458.19	1301.82
458.97	1318.82
459.75	1010.42
460.52	1003.02
461.30	1061.22
462.08	1054.62
462.85	1040.62
463.63	1044.42
464.41	1055.02
465.18	1004.42
465.96	1061.42
466.74	1066.82
467.51	1040.82
468.29	1024.82
469.06	1029.62
469.84	974.82
470.62	968.02
471.39	1083.02
472.17	1184.22
472.94	1189.22
473.72	1206.42
474.49	1221.62
475.27	1138.82
476.04	1072.02
476.82	1063.42
477.59	1084.42
478.37	1103.82
479.14	1113.22
479.92	1144.62
480.69	1186.22
481.47	1205.42
482.24	1259.42
483.02	1317.22
483.79	1310.42
484.57	1334.02
485.34	1328.42
486.12	1287.62
486.89	1246.42
487.66	1266.02
488.44	1204.22
489.21	1178.62
489.99	1173.42
490.76	1191.42
491.53	1197.02
492.31	1233.42
493.08	1243.02
493.86	1279.62
494.63	1308.42
495.40	1310.62
496.18	1353.02
496.95	1537.62
497.72	1499.42
498.50	1470.22
499.27	1526.22
500.04	1463.22
500.81	1281.82
501.59	1303.02
502.36	1306.02
503.13	1209.42
503.91	1358.02
504.68	1362.82
505.45	1339.42
506.22	1322.02
507.00	1336.82
507.77	1203.62
508.54	1203.42
509.31	1209.42
510.08	1224.42
510.86	1313.02
511.63	1342.82
512.40	1350.42
513.17	1403.62
513.94	1393.42
514.72	1292.22
515.49	1263.42
516.26	1254.42
517.03	1236.22
517.80	1252.22
518.57	1254.62
519.34	1219.62
520.11	1221.62
520.89	1188.82
521.66	1166.62
522.43	1197.82
523.20	1235.22
523.97	1234.82
524.74	1241.02
525.51	1252.42
526.28	1220.42
527.05	1217.62
527.82	1202.42
528.59	1299.62
529.36	1252.02
530.13	1350.02
530.90	1335.22
531.67	1337.82
532.44	1227.82
533.21	1265.22
533.98	1223.82
534.75	1233.42
535.52	1234.02
536.29	1218.22
537.06	1186.82
537.83	1150.82
538.60	1120.22
539.37	1112.62
540.14	1146.62
540.91	1150.42
541.67	1268.82
542.44	1278.82
543.21	1298.82
543.98	1249.22
544.75	1238.82
545.52	1084.62
546.29	1049.22
547.06	1039.62
547.82	1105.82
548.59	1126.42
549.36	1255.02
550.13	1298.22
550.90	1368.02
551.67	1326.62
552.43	1321.42
553.20	1259.62
553.97	1236.02
554.74	1120.02
555.50	1177.22
556.27	1168.22
557.04	1159.82
557.81	1179.62
558.57	1263.62
559.34	1460.42
560.11	1513.42
560.88	1442.42
561.64	1432.22
562.41	1448.42
563.18	1192.82
563.94	1176.02
564.71	1274.62
565.48	1267.42
566.24	1200.02
567.01	1238.62
567.78	1200.22
568.54	1097.82
569.31	1173.02
570.08	1164.02
570.84	1107.22
571.61	1166.42
572.37	1281.82
573.14	1329.62
573.91	1328.02
574.67	1320.82
575.44	1238.02
576.20	1137.22
576.97	1008.02
577.73	1002.62
578.50	994.62
579.27	995.82
580.03	1001.02
580.80	1003.62
581.56	1020.82
582.33	1145.22
583.09	1161.22
583.86	1139.82
584.62	1326.82
585.39	1312.62
586.15	1175.62
586.91	1212.62
587.68	1218.02
588.44	1034.42
589.21	1069.62
589.97	1095.82
590.74	1105.82
591.50	1099.62
592.27	1110.82
593.03	1120.82
593.79	1130.02
594.56	1133.62
595.32	1149.22
596.08	1168.62
596.85	1149.62
597.61	1161.82
598.38	1150.82
599.14	1176.42
599.90	1173.82
600.67	1216.82
601.43	1210.02
602.19	1204.62
602.95	1190.42
603.72	1217.42
604.48	1184.42
605.24	1182.22
606.01	1270.62
606.77	1354.42
607.53	1401.82
608.29	1437.22
609.06	1455.62
609.82	1397.42
610.58	1320.02
611.34	1333.02
612.11	1262.62
612.87	1299.02
613.63	1289.22
614.39	1307.62
615.15	1199.42
615.92	1221.02
616.68	1150.62
617.44	1172.82
618.20	1132.82
618.96	1172.82
619.72	1144.02
620.48	1142.42
621.25	1078.42
622.01	1066.02
622.77	1042.62
623.53	1098.22
624.29	1099.22
625.05	1084.42
625.81	1072.02
626.57	1053.02
627.33	1018.22
628.09	1094.42
628.85	1146.62
629.61	1156.02
630.37	1125.62
631.14	1167.82
631.90	1087.42
632.66	1104.42
633.42	1093.62
634.18	1131.62
634.94	1078.82
635.70	1083.02
636.46	1021.02
637.21	1044.82
637.97	1182.02
638.73	1197.62
639.49	1208.62
640.25	1234.62
641.01	1237.22
641.77	1085.02
642.53	1049.42
643.29	1033.42
644.05	979.22
644.81	995.22
645.57	1016.62
646.33	1036.62
647.08	1048.02
647.84	1105.42
648.60	1095.02
649.36	1094.62
650.12	1126.22
650.88	1255.02
651.63	1348.62
652.39	1484.02
653.15	1533.22
653.91	1637.42
654.67	1637.42
655.42	1696.22
656.18	1838.02
656.94	2069.42
657.70	2217.62
658.46	2382.42
659.21	2539.22
659.97	2693.22
660.73	2819.42
661.49	3048.02
662.24	3448.22
663.00	3649.82
663.76	3788.22
664.51	3996.62
665.27	4192.22
666.03	4210.82
666.78	4422.62
667.54	4614.62
668.30	4794.22
669.05	4943.62
669.81	5109.82
670.57	5309.42
671.32	5488.62
672.08	5645.42
672.84	5900.82
673.59	6061.82
674.35	6166.02
675.10	6341.62
675.86	6488.22
676.62	6654.02
677.37	6889.02
678.13	7001.02
678.88	7120.22
679.64	7246.62
680.39	7353.62
681.15	7346.02
681.90	7565.62
682.66	7626.62
683.41	7739.62
684.17	7750.62
684.92	7890.02
685.68	7896.42
686.43	7992.62
687.19	8045.82
687.94	8061.42
688.70	8095.62
689.45	8151.42
690.21	8199.02
690.96	8248.82
691.72	8319.82
692.47	8375.82
693.22	8463.62
693.98	8539.22
694.73	8663.62
695.49	8765.42
696.24	8810.22
696.99	8858.62
697.75	8906.82
698.50	8874.62
699.25	8877.02
700.01	8921.82
700.76	8910.82
701.51	8940.82
702.27	9024.82
703.02	9070.62
703.77	9322.82
704.53	9352.62
705.28	9369.02
706.03	9416.42
706.79	9420.82
707.54	9210.22
708.29	9232.62
709.04	9279.82
709.80	9228.42
710.55	9243.42
711.30	9246.42
712.05	9262.82
712.80	9240.82
713.56	9246.62
714.31	9288.22
715.06	9293.42
715.81	9295.42
716.56	9274.02
717.32	9250.02
718.07	9215.22
718.82	9250.22
719.57	9222.42
720.32	9202.42
721.07	9176.02
721.83	9103.62
722.58	9041.42
723.33	9034.22
724.08	9029.62
724.83	9019.42
725.58	9022.82
726.33	9019.22
727.08	8988.62
727.83	9001.62
728.58	9006.22
729.33	8992.02
730.08	8961.62
730.83	8961.82
731.58	8929.82
732.34	8912.42
733.09	8881.42
733.84	8875.82
734.59	8899.02
735.34	8859.42
736.09	8838.82
736.83	8906.82
737.58	8871.62
738.33	8797.82
739.08	8766.62
739.83	8847.22
740.58	8717.82
741.33	8678.22
742.08	8690.42
742.83	8686.82
743.58	8596.42
744.33	8644.42
745.08	8652.62
745.83	8583.02
746.57	8613.22
747.32	8586.42
748.07	8595.82
748.82	8620.42
749.57	8651.42
750.32	8631.22
751.07	9180.22
751.81	9127.62
752.56	9085.22
753.31	9059.82
754.06	9042.62
754.81	8457.62
755.55	8430.82
756.30	8412.62
757.05	8414.82
757.80	8476.42
758.55	8472.42
759.29	8473.22
760.04	8447.02
760.79	8535.82
761.53	8402.02
762.28	8351.62
763.03	8304.22
763.78	8283.62
764.52	8173.02
765.27	8178.82
766.02	8181.02
766.76	8217.62
767.51	8253.62
768.26	8268.02
769.00	8207.82
769.75	8195.62
770.50	8388.02
771.24	8293.42
771.99	8174.02
772.73	8303.42
773.48	8254.82
774.23	7994.62
774.97	7991.22
775.72	7996.42
776.46	7807.22
777.21	7784.42
777.96	7720.22
778.70	7703.82
779.45	7700.02
780.19	7693.82
780.94	7655.22
781.68	7775.22
782.43	7711.02
783.17	7643.42
783.92	7646.42
784.66	7621.82
785.41	7483.02
786.15	7489.42
786.90	7523.22
787.64	7564.22
788.39	7603.22
789.13	7563.82
789.87	7657.42
790.62	7596.02
791.36	7507.62
792.11	7411.02
792.85	7440.62
793.60	7292.42
794.34	7242.62
795.08	7177.02
795.83	7155.02
796.57	7050.62
797.31	6968.42
798.06	6917.42
798.80	6947.62
799.54	6892.22
800.29	6825.22
801.03	6793.42
801.77	6753.82
802.52	6859.62
803.26	6838.02
804.00	6881.82
804.75	6912.82
805.49	6950.02
806.23	6746.62
806.97	6745.42
807.72	6652.82
808.46	6569.02
809.20	6499.22
809.94	6437.02
810.69	6401.62
811.43	6371.42
812.17	6344.42
812.91	6288.62
813.65	6518.02
814.40	6483.22
815.14	6487.62
815.88	6477.22
816.62	6474.62
817.36	6282.82
818.11	6369.02
818.85	6280.22
819.59	6225.22
820.33	6193.42
821.07	6116.82
821.81	5966.42
822.55	6037.02
823.29	6033.22
824.03	6007.42
824.78	5923.02
825.52	5901.82
826.26	5853.22
827.00	6036.22
827.74	5999.22
828.48	5980.42
829.22	6079.22
829.96	6149.62
830.70	5966.82
831.44	6013.82
832.18	6042.82
832.92	5947.62
833.66	5830.22
834.40	5826.02
835.14	5785.62
835.88	5750.22
836.62	5730.42
837.36	5736.02
838.10	5671.42
838.84	5610.02
839.58	5584.22
840.31	5525.22
841.05	5460.02
841.79	5464.22
842.53	5460.02
843.27	5571.22
844.01	5537.02
844.75	5506.42
845.49	5472.42
846.23	5481.82
846.96	5354.42
847.70	5490.82
848.44	5519.22
849.18	5508.22
849.92	5473.82
850.66	5421.42
851.39	5294.82
852.13	5403.42
852.87	5383.02
853.61	5389.02
854.35	5376.22
855.08	5353.22
855.82	5223.02
856.56	5224.82
857.30	5311.82
858.03	5316.42
858.77	5372.42
859.51	5395.22
860.24	5405.62
860.98	5274.42
861.72	5227.62
862.46	5097.22
863.19	5006.02
863.93	4940.82
864.67	4955.82
865.40	5032.62
866.14	5045.82
866.88	5022.22
867.61	4972.82
868.35	4909.62
869.08	4876.02
869.82	4838.42
870.56	4834.22
871.29	4973.82
872.03	5036.82
872.76	4974.62
873.50	4989.02
874.24	5071.62
874.97	4988.62
875.71	4865.62
876.44	4895.82
877.18	4876.02
877.91	4785.42
878.65	4775.42
879.38	4763.82
880.12	4727.42
880.85	4682.82
881.59	4740.62
882.32	4633.02
883.06	4761.22
883.79	4687.82
884.53	4804.42
885.26	4822.02
886.00	4835.22
886.73	4728.42
887.47	4730.22
888.20	4649.02
888.93	4552.82
889.67	4593.42
890.40	4619.22
891.14	4634.62
891.87	4762.22
892.60	4711.22
893.34	4646.02
894.07	4563.62
894.80	4535.82
895.54	4360.02
896.27	4548.42
897.01	4529.22
897.74	4533.82
898.47	4540.02
899.20	4507.82
899.94	4290.22
900.67	4386.82
901.40	4325.42
902.14	4312.22
902.87	4312.02
903.60	4297.62
904.33	4189.62
905.07	4213.22
905.80	4224.82
906.53	4202.02
907.26	4192.02
908.00	4174.42
908.73	4147.62
909.46	4086.22
910.19	4066.22
910.92	4024.42
911.66	4013.42
912.39	3999.62
913.12	3972.82
913.85	3966.02
914.58	4016.02
915.31	3996.42
916.04	4037.42
916.78	4077.02
917.51	4031.42
918.24	4036.22
918.97	4007.42
919.70	3997.82
920.43	3927.62
921.16	3966.42
921.89	3880.42
922.62	3862.82
923.35	3746.22
924.08	3701.82
924.82	3660.22
925.55	3630.42
926.28	3590.42
927.01	3622.02
927.74	3631.22
928.47	3616.42
929.20	3681.62
929.93	3665.62
930.66	3595.82
931.39	3567.42
932.12	3458.02
932.84	3278.82
933.57	3205.42
934.30	3163.22
935.03	3047.02
935.76	3042.82
936.49	3005.42
937.22	2914.22
937.95	2859.22
938.68	2783.02
939.41	2654.22
940.14	2556.62
940.86	2486.42
941.59	2518.42
942.32	2652.42
943.05	2609.22
943.78	2586.42
944.51	2603.62
945.24	2469.82
945.96	2323.82
946.69	2438.42
947.42	2466.22
948.15	2471.42
948.88	2468.82
949.60	2551.22
950.33	2503.82
951.06	2502.02
951.79	2531.22
952.51	2666.22
953.24	2618.82
953.97	2662.82
954.70	2713.02
955.42	2743.62
956.15	2741.62
956.88	2760.82
957.60	2732.22
958.33	2765.42
959.06	2794.42
959.78	2827.82
960.51	2841.62
961.24	2876.22
961.96	2865.22
962.69	2828.62
963.42	2803.02
964.14	2793.62
964.87	2838.02
965.60	2856.22
966.32	2867.02
967.05	2838.22
967.77	2845.22
968.50	2785.22
969.23	2782.02
969.95	2787.22
970.68	2804.22
971.40	2797.02
972.13	2889.42
972.85	2894.02
973.58	2888.62
974.30	2826.02
975.03	2847.22
975.75	2727.02
976.48	2289.82
977.20	1748.82
977.93	1218.42
978.65	654.82
979.38	268.62
980.10	317.62
980.83	462.02
981.55	624.42
982.28	779.02
983.00	821.22
983.72	1155.02
984.45	1564.62
985.17	1926.02
985.90	2270.42
986.62	2589.22
987.34	2557.62
988.07	2002.42
988.79	1477.42
989.51	1110.62
990.24	745.82
990.96	659.82
991.68	659.82

