196.21	3153.00
197.01	871.84
197.81	1324.08
198.61	860.24
199.41	895.64
200.21	877.44
201.01	858.84
201.81	839.64
202.61	917.84
203.41	899.24
204.22	1039.64
205.02	1131.04
205.82	1129.84
206.62	1089.84
207.42	1072.04
208.22	953.64
209.02	878.44
209.82	907.44
210.62	969.44
211.42	934.84
212.22	950.64
213.02	953.84
213.82	996.04
214.61	890.64
215.41	974.84
216.21	971.84
217.01	976.64
217.81	1052.04
218.61	1081.24
219.41	1024.84
220.21	996.84
221.01	998.24
221.81	848.24
222.61	826.44
223.41	833.04
224.20	902.64
225.00	932.44
225.80	940.04
226.60	1070.44
227.40	1077.84
228.20	1009.44
228.99	972.64
229.79	1073.04
230.59	944.24
231.39	1040.84
232.19	1037.24
232.98	1056.24
233.78	999.64
234.58	998.64
235.38	955.04
236.18	961.44
236.97	1009.64
237.77	982.64
238.57	966.64
239.37	882.84
240.16	864.44
240.96	812.24
241.76	908.84
242.55	930.64
243.35	992.44
244.15	1005.04
244.94	1384.44
245.74	1348.44
246.54	1330.44
247.33	1276.44
248.13	1296.04
248.93	924.24
249.72	826.44
250.52	885.84
251.32	895.04
252.11	878.44
252.91	868.64
253.70	893.84
254.50	838.04
255.30	841.24
256.09	875.64
256.89	867.64
257.68	870.44
258.48	890.24
259.27	900.24
260.07	956.44
260.87	931.04
261.66	931.44
262.46	920.24
263.25	903.84
264.05	830.84
264.84	871.04
265.64	937.64
266.43	1207.44
267.23	1196.44
268.02	1172.44
268.81	1165.84
269.61	1091.84
270.40	806.24
271.20	874.44
271.99	859.04
272.79	839.84
273.58	839.44
274.38	844.24
275.17	839.84
275.96	852.84
276.76	862.84
277.55	981.64
278.34	1021.24
279.14	966.64
279.93	960.44
280.73	929.44
281.52	801.04
282.31	843.24
283.11	858.84
283.90	896.44
284.69	916.84
285.49	920.84
286.28	833.64
287.07	807.84
287.86	821.04
288.66	864.24
289.45	998.84
290.24	1017.04
291.03	1087.04
291.83	1088.44
292.62	1042.04
293.41	927.44
294.20	931.64
295.00	850.64
295.79	801.24
296.58	790.64
297.37	802.24
298.16	781.64
298.96	799.24
299.75	819.84
300.54	895.64
301.33	902.24
302.12	931.04
302.92	988.44
303.71	1039.84
304.50	997.44
305.29	973.44
306.08	947.24
306.87	895.04
307.66	835.84
308.45	1047.04
309.24	1036.24
310.04	1044.84
310.83	1058.64
311.62	1060.84
312.41	828.84
313.20	846.04
313.99	871.24
314.78	867.44
315.57	850.44
316.36	892.44
317.15	881.84
317.94	860.44
318.73	920.84
319.52	924.84
320.31	925.84
321.10	913.04
321.89	903.44
322.68	839.24
323.47	954.04
324.26	1084.84
325.05	1124.44
325.84	1323.84
326.63	1309.64
327.42	1308.64
328.20	1131.04
328.99	1096.44
329.78	891.24
330.57	936.44
331.36	992.84
332.15	1009.64
332.94	1053.24
333.73	1061.44
334.52	1043.24
335.30	861.04
336.09	908.24
336.88	932.04
337.67	933.64
338.46	909.84
339.25	924.64
340.03	871.24
340.82	789.24
341.61	791.84
342.40	819.24
343.19	816.24
343.97	813.44
344.76	842.84
345.55	825.24
346.34	819.84
347.12	826.04
347.91	822.24
348.70	874.84
349.48	930.44
350.27	915.04
351.06	910.64
351.85	916.24
352.63	1022.84
353.42	969.64
354.21	966.04
354.99	984.04
355.78	979.24
356.57	815.44
357.35	823.44
358.14	820.04
358.93	892.04
359.71	884.84
360.50	903.24
361.28	904.04
362.07	886.44
362.86	830.04
363.64	899.64
364.43	904.24
365.21	907.84
366.00	926.64
366.78	871.44
367.57	801.44
368.36	824.04
369.14	1070.04
369.93	1149.04
370.71	1191.04
371.50	1215.44
372.28	1184.84
373.07	951.04
373.85	1042.04
374.64	1051.44
375.42	1058.24
376.21	1142.24
376.99	1138.24
377.78	967.84
378.56	929.24
379.34	931.04
380.13	825.04
380.91	828.84
381.70	848.64
382.48	861.24
383.27	892.44
384.05	957.84
384.83	948.04
385.62	1001.04
386.40	1043.64
387.18	1028.64
387.97	959.64
388.75	993.44
389.54	940.24
390.32	892.24
391.10	859.24
391.89	869.04
392.67	839.44
393.45	825.04
394.23	886.84
395.02	879.84
395.80	917.64
396.58	962.44
397.37	1145.64
398.15	1093.84
398.93	1086.44
399.71	1043.44
400.50	991.24
401.28	812.44
402.06	799.64
402.84	827.04
403.63	849.64
404.41	838.24
405.19	828.24
405.97	866.64
406.75	933.04
407.53	913.24
408.32	977.24
409.10	986.64
409.88	952.24
410.66	898.64
411.44	926.84
412.22	877.64
413.01	873.24
413.79	940.64
414.57	928.64
415.35	885.44
416.13	883.84
416.91	997.24
417.69	986.84
418.47	969.24
419.25	1143.44
420.03	1154.24
420.81	1028.64
421.59	968.84
422.37	991.24
423.16	861.04
423.94	914.44
424.72	934.64
425.50	1069.84
426.28	1056.04
427.06	1077.84
427.84	1084.64
428.62	1069.04
429.40	940.64
430.17	944.24
430.95	900.84
431.73	856.44
432.51	871.24
433.29	876.64
434.07	855.04
434.85	866.24
435.63	831.04
436.41	817.24
437.19	825.64
437.97	846.44
438.75	945.64
439.52	1077.84
440.30	1091.24
441.08	1131.64
441.86	1154.44
442.64	1045.44
443.42	923.84
444.20	921.04
444.97	899.44
445.75	872.24
446.53	878.64
447.31	908.04
448.09	928.04
448.86	943.24
449.64	949.04
450.42	1051.44
451.20	1047.64
451.98	1078.44
452.75	1081.04
453.53	1101.04
454.31	1006.44
455.08	994.44
455.86	1274.24
456.64	1241.44
457.42	1232.04
458.19	1231.24
458.97	1248.04
459.75	940.84
460.52	933.24
461.30	991.04
462.08	984.64
462.85	972.04
463.63	973.04
464.41	984.24
465.18	934.44
465.96	989.04
466.74	992.04
467.51	969.64
468.29	952.64
469.06	959.24
469.84	907.24
470.62	898.44
471.39	1007.84
472.17	1108.64
472.94	1112.64
473.72	1127.44
474.49	1146.24
475.27	1063.44
476.04	994.04
476.82	982.24
477.59	1004.84
478.37	1017.44
479.14	1027.44
479.92	1058.64
480.69	1100.44
481.47	1144.44
482.24	1199.44
483.02	1255.04
483.79	1245.84
484.57	1269.24
485.34	1230.84
486.12	1189.24
486.89	1145.04
487.66	1162.84
488.44	1097.84
489.21	1074.44
489.99	1062.64
490.76	1077.44
491.53	1081.44
492.31	1103.84
493.08	1107.44
493.86	1155.04
494.63	1185.64
495.40	1184.24
496.18	1236.64
496.95	1453.64
497.72	1403.44
498.50	1374.64
499.27	1423.44
500.04	1360.44
500.81	1145.24
501.59	1169.64
502.36	1151.04
503.13	1063.04
503.91	1206.04
504.68	1211.84
505.45	1185.44
506.22	1183.44
507.00	1195.64
507.77	1064.64
508.54	1062.24
509.31	1067.04
510.08	1082.44
510.86	1167.84
511.63	1195.84
512.40	1206.04
513.17	1256.64
513.94	1249.24
514.72	1153.04
515.49	1124.44
516.26	1117.44
517.03	1104.24
517.80	1115.24
518.57	1115.04
519.34	1081.24
520.11	1082.64
520.89	1048.04
521.66	1030.44
522.43	1060.84
523.20	1098.64
523.97	1094.24
524.74	1097.44
525.51	1103.84
526.28	1069.84
527.05	1066.44
527.82	1049.84
528.59	1117.24
529.36	1071.04
530.13	1170.84
530.90	1157.84
531.67	1164.04
532.44	1086.64
533.21	1127.04
533.98	1114.64
534.75	1125.44
535.52	1128.24
536.29	1114.64
537.06	1083.24
537.83	1021.04
538.60	991.24
539.37	983.04
540.14	1019.84
540.91	1026.04
541.67	1151.24
542.44	1163.44
543.21	1187.84
543.98	1137.64
544.75	1130.64
545.52	975.24
546.29	939.44
547.06	931.64
547.82	997.64
548.59	1018.84
549.36	1140.24
550.13	1188.64
550.90	1255.64
551.67	1220.04
552.43	1219.24
553.20	1151.64
553.97	1123.84
554.74	1009.04
555.50	1054.24
556.27	1046.24
557.04	1057.24
557.81	1078.84
558.57	1166.84
559.34	1385.44
560.11	1435.64
560.88	1366.84
561.64	1360.44
562.41	1375.04
563.18	1113.24
563.94	1097.84
564.71	1208.04
565.48	1201.84
566.24	1138.44
567.01	1174.84
567.78	1138.24
568.54	1022.64
569.31	1102.24
570.08	1091.84
570.84	1037.84
571.61	1094.04
572.37	1204.44
573.14	1275.24
573.91	1271.24
574.67	1266.84
575.44	1190.64
576.20	1097.64
576.97	949.84
577.73	953.84
578.50	949.04
579.27	952.24
580.03	962.24
580.80	963.84
581.56	979.64
582.33	1100.44
583.09	1115.84
583.86	1094.04
584.62	1279.04
585.39	1265.64
586.15	1128.24
586.91	1165.04
587.68	1165.84
588.44	981.24
589.21	1015.24
589.97	1041.24
590.74	1047.84
591.50	1039.64
592.27	1046.44
593.03	1051.24
593.79	1054.24
594.56	1054.64
595.32	1060.04
596.08	1075.44
596.85	1049.24
597.61	1053.44
598.38	1033.84
599.14	1058.24
599.90	1053.04
600.67	1090.04
601.43	1084.44
602.19	1077.04
602.95	1059.04
603.72	1080.44
604.48	1051.04
605.24	1047.44
606.01	1137.04
606.77	1221.64
607.53	1274.44
608.29	1322.44
609.06	1346.64
609.82	1305.04
610.58	1235.64
611.34	1254.84
612.11	1179.64
612.87	1216.64
613.63	1203.24
614.39	1226.44
615.15	1120.84
615.92	1169.64
616.68	1106.24
617.44	1130.84
618.20	1095.04
618.96	1137.24
619.72	1090.84
620.48	1096.84
621.25	1034.04
622.01	1027.04
622.77	1010.84
623.53	1067.84
624.29	1067.64
625.05	1058.44
625.81	1041.24
626.57	1025.84
627.33	994.04
628.09	1073.64
628.85	1128.44
629.61	1147.24
630.37	1115.44
631.14	1157.04
631.90	1076.64
632.66	1125.24
633.42	1112.24
634.18	1149.04
634.94	1096.84
635.70	1101.24
636.46	1006.64
637.21	1029.44
637.97	1171.84
638.73	1182.04
639.49	1194.24
640.25	1217.24
641.01	1221.24
641.77	1066.04
642.53	1036.84
643.29	1018.84
644.05	965.44
644.81	977.24
645.57	991.44
646.33	1003.24
647.08	1008.44
647.84	1055.84
648.60	1037.24
649.36	1041.44
650.12	1055.84
650.88	1162.64
651.63	1227.24
652.39	1325.84
653.15	1312.04
653.91	1365.04
654.67	1309.64
655.42	1309.44
656.18	1375.24
656.94	1525.84
657.70	1602.64
658.46	1693.24
659.21	1779.64
659.97	1876.24
660.73	1947.64
661.49	2113.04
662.24	2453.84
663.00	2602.84
663.76	2699.44
664.51	2867.24
665.27	3028.44
666.03	3020.84
666.78	3203.84
667.54	3373.44
668.30	3543.64
669.05	3684.04
669.81	3839.04
670.57	4034.64
671.32	4208.84
672.08	4366.24
672.84	4558.44
673.59	4724.64
674.35	4838.04
675.10	5015.64
675.86	5173.84
676.62	5429.24
677.37	5686.24
678.13	5814.24
678.88	5949.44
679.64	6086.64
680.39	6193.84
681.15	6199.44
681.90	6428.64
682.66	6512.44
683.41	6646.84
684.17	6681.24
684.92	6834.04
685.68	6867.04
686.43	6975.64
687.19	7041.04
687.94	7082.84
688.70	7132.84
689.45	7217.04
690.21	7293.44
690.96	7365.64
691.72	7445.04
692.47	7521.44
693.22	7617.84
693.98	7706.64
694.73	7848.44
695.49	7970.04
696.24	8029.64
696.99	8090.04
697.75	8153.04
698.50	8133.44
699.25	8149.24
700.01	8207.24
700.76	8208.84
701.51	8254.24
702.27	8352.64
703.02	8415.24
703.77	8623.44
704.53	8673.44
705.28	8704.64
706.03	8762.84
706.79	8777.64
707.54	8642.64
708.29	8675.04
709.04	8733.44
709.80	8696.84
710.55	8722.04
711.30	8735.64
712.05	8758.04
712.80	8736.44
713.56	8755.44
714.31	8803.64
715.06	8810.04
715.81	8823.24
716.56	8813.44
717.32	8790.44
718.07	8763.84
718.82	8795.44
719.57	8777.44
720.32	8777.64
721.07	8768.24
721.83	8709.24
722.58	8676.84
723.33	8674.44
724.08	8674.24
724.83	8664.64
725.58	8669.64
726.33	8671.64
727.08	8660.44
727.83	8675.84
728.58	8677.44
729.33	8663.64
730.08	8633.44
730.83	8625.24
731.58	8595.64
732.34	8593.44
733.09	8580.44
733.84	8579.04
734.59	8604.84
735.34	8567.64
736.09	8544.64
736.83	8597.04
737.58	8563.84
738.33	8496.44
739.08	8472.24
739.83	8553.04
740.58	8451.04
741.33	8417.04
742.08	8439.04
742.83	8447.84
743.58	8374.84
744.33	8420.04
745.08	8438.04
745.83	8368.84
746.57	8384.24
747.32	8354.84
748.07	8388.84
748.82	8409.84
749.57	8455.44
750.32	8441.24
751.07	9005.44
751.81	8926.64
752.56	8884.84
753.31	8837.64
754.06	8822.84
754.81	8229.64
755.55	8213.04
756.30	8197.24
757.05	8211.04
757.80	8271.64
758.55	8289.24
759.29	8275.24
760.04	8247.64
760.79	8329.84
761.53	8206.44
762.28	8133.44
763.03	8110.24
763.78	8090.04
764.52	7986.24
765.27	7997.24
766.02	8008.24
766.76	8030.24
767.51	8068.84
768.26	8117.64
769.00	8059.64
769.75	8046.64
770.50	8228.44
771.24	8135.84
771.99	7990.64
772.73	8130.04
773.48	8081.64
774.23	7861.84
774.97	7870.24
775.72	7873.44
776.46	7668.04
777.21	7648.44
777.96	7561.24
778.70	7531.24
779.45	7522.84
780.19	7529.44
780.94	7487.84
781.68	7610.64
782.43	7556.84
783.17	7498.44
783.92	7493.64
784.66	7469.84
785.41	7327.24
786.15	7329.84
786.90	7351.04
787.64	7388.44
788.39	7453.84
789.13	7429.84
789.87	7554.04
790.62	7503.84
791.36	7392.64
792.11	7283.84
792.85	7314.84
793.60	7150.24
794.34	7116.84
795.08	7083.44
795.83	7053.64
796.57	6940.84
797.31	6855.84
798.06	6796.64
798.80	6822.44
799.54	6768.04
800.29	6707.84
801.03	6674.04
801.77	6630.64
802.52	6746.04
803.26	6727.04
804.00	6771.24
804.75	6802.24
805.49	6841.44
806.23	6640.64
806.97	6637.44
807.72	6540.84
808.46	6462.64
809.20	6389.24
809.94	6326.04
810.69	6296.24
811.43	6269.44
812.17	6240.24
812.91	6192.64
813.65	6433.04
814.40	6391.24
815.14	6398.24
815.88	6386.44
816.62	6387.44
817.36	6189.04
818.11	6278.44
818.85	6189.64
819.59	6137.44
820.33	6104.04
821.07	6025.04
821.81	5873.24
822.55	5936.04
823.29	5934.04
824.03	5893.44
824.78	5808.44
825.52	5784.44
826.26	5744.04
827.00	5926.04
827.74	5897.24
828.48	5869.84
829.22	5993.04
829.96	6062.84
830.70	5880.64
831.44	5931.84
832.18	5973.84
832.92	5857.04
833.66	5741.24
834.40	5747.84
835.14	5709.04
835.88	5663.64
836.62	5659.24
837.36	5664.04
838.10	5590.44
838.84	5526.64
839.58	5498.84
840.31	5424.64
841.05	5356.04
841.79	5361.24
842.53	5357.04
843.27	5472.24
844.01	5443.84
844.75	5421.04
845.49	5382.84
846.23	5394.04
846.96	5270.24
847.70	5401.84
848.44	5434.04
849.18	5428.44
849.92	5392.64
850.66	5342.04
851.39	5224.64
852.13	5344.84
852.87	5324.44
853.61	5338.64
854.35	5327.84
855.08	5296.24
855.82	5156.04
856.56	5151.84
857.30	5222.24
858.03	5234.84
858.77	5290.24
859.51	5309.24
860.24	5335.24
860.98	5217.24
861.72	5169.44
862.46	5047.84
863.19	4954.64
863.93	4878.24
864.67	4899.24
865.40	4972.24
866.14	4978.24
866.88	4952.64
867.61	4927.84
868.35	4855.04
869.08	4807.64
869.82	4777.64
870.56	4775.84
871.29	4891.84
872.03	4955.84
872.76	4907.84
873.50	4920.04
874.24	5022.64
874.97	4953.84
875.71	4837.04
876.44	4869.64
877.18	4851.84
877.91	4741.44
878.65	4722.04
879.38	4709.64
880.12	4670.64
880.85	4619.44
881.59	4671.44
882.32	4570.64
883.06	4703.84
883.79	4630.84
884.53	4754.84
885.26	4789.04
886.00	4790.24
886.73	4702.64
887.47	4707.44
888.20	4626.64
888.93	4524.44
889.67	4577.04
890.40	4575.24
891.14	4588.44
891.87	4717.84
892.60	4659.24
893.34	4588.44
894.07	4505.44
894.80	4477.24
895.54	4302.84
896.27	4501.84
897.01	4484.64
897.74	4497.44
898.47	4503.64
899.20	4462.44
899.94	4239.84
900.67	4324.64
901.40	4262.24
902.14	4251.04
902.87	4255.04
903.60	4242.04
904.33	4145.84
905.07	4169.64
905.80	4172.44
906.53	4150.24
907.26	4139.84
908.00	4124.04
908.73	4094.84
909.46	4044.04
910.19	4025.24
910.92	3986.24
911.66	3975.24
912.39	3961.64
913.12	3932.24
913.85	3936.64
914.58	3988.84
915.31	3966.84
916.04	4013.64
916.78	4055.24
917.51	4003.64
918.24	4005.44
918.97	3978.64
919.70	3966.24
920.43	3890.84
921.16	3930.64
921.89	3845.64
922.62	3827.04
923.35	3709.24
924.08	3672.44
924.82	3623.24
925.55	3594.64
926.28	3559.44
927.01	3591.04
927.74	3593.84
928.47	3580.64
929.20	3637.64
929.93	3614.24
930.66	3548.64
931.39	3518.84
932.12	3413.44
932.84	3239.64
933.57	3171.44
934.30	3128.84
935.03	3017.84
935.76	3013.84
936.49	2980.24
937.22	2892.04
937.95	2838.44
938.68	2758.84
939.41	2638.64
940.14	2539.64
940.86	2464.24
941.59	2495.04
942.32	2631.64
943.05	2583.64
943.78	2562.64
944.51	2586.24
945.24	2450.84
945.96	2313.24
946.69	2421.84
947.42	2442.04
948.15	2445.04
948.88	2446.04
949.60	2522.84
950.33	2479.64
951.06	2488.64
951.79	2517.44
952.51	2653.44
953.24	2605.84
953.97	2649.44
954.70	2693.04
955.42	2723.84
956.15	2710.64
956.88	2728.84
957.60	2697.24
958.33	2731.44
959.06	2761.04
959.78	2781.44
960.51	2798.84
961.24	2838.24
961.96	2830.24
962.69	2790.84
963.42	2787.04
964.14	2774.44
964.87	2790.04
965.60	2803.24
966.32	2813.24
967.05	2779.44
967.77	2791.64
968.50	2757.64
969.23	2756.44
969.95	2769.24
970.68	2790.04
971.40	2775.24
972.13	2871.44
972.85	2876.44
973.58	2865.24
974.30	2799.84
975.03	2809.84
975.75	2691.84
976.48	2259.64
977.20	1723.44
977.93	1199.44
978.65	653.84
979.38	268.84
980.10	320.64
980.83	464.04
981.55	628.84
982.28	786.44
983.00	828.44
983.72	1153.84
984.45	1561.24
985.17	1916.84
985.90	2254.84
986.62	2570.44
987.34	2538.64
988.07	1986.64
988.79	1466.04
989.51	1102.64
990.24	740.24
990.96	659.84
991.68	659.84
