196.21	-0.082
197.01	-0.292
197.81	-0.138
198.61	-0.137
199.41	-0.091
200.21	-0.099
201.01	-0.118
201.81	-0.097
202.61	-0.345
203.41	-0.391
204.22	-0.471
205.02	-0.442
205.82	-0.492
206.62	-0.094
207.42	-0.066
208.22	-0.021
209.02	0.019
209.82	0.320
210.62	0.062
211.42	0.053
212.22	0.144
213.02	0.110
213.82	-0.259
214.61	-0.055
215.41	-0.059
216.21	-0.111
217.01	-0.061
217.81	-0.095
218.61	-0.184
219.41	-0.142
220.21	-0.195
221.01	-0.196
221.81	-0.150
222.61	-0.187
223.41	-0.308
224.20	-0.268
225.00	-0.254
225.80	-0.234
226.60	-0.090
227.40	-0.075
228.20	-0.065
228.99	-0.091
229.79	0.079
230.59	0.170
231.39	0.124
232.19	0.129
232.98	0.147
233.78	-0.188
234.58	-0.228
235.38	-0.166
236.18	-0.170
236.97	-0.163
237.77	-0.128
238.57	-0.083
239.37	-0.164
240.16	-0.122
240.96	-0.152
241.76	-0.000
242.55	-0.000
243.35	-0.000
244.15	-0.000
244.94	-0.000
245.74	-0.000
246.54	-0.000
247.33	-0.000
248.13	-0.000
248.93	-0.115
249.72	-0.137
250.52	-0.266
251.32	-0.203
252.11	-0.240
252.91	-0.198
253.70	-0.029
254.50	0.108
255.30	-0.013
256.09	-0.040
256.89	-0.050
257.68	-0.201
258.48	-0.124
259.27	-0.016
260.07	-0.000
260.87	-0.000
261.66	-0.000
262.46	-0.000
263.25	-0.000
264.05	-0.021
264.84	0.017
265.64	-0.047
266.43	-0.077
267.23	-0.046
268.02	-0.070
268.81	-0.053
269.61	0.041
270.40	0.025
271.20	0.007
271.99	0.020
272.79	-0.091
273.58	-0.140
274.38	-0.117
275.17	-0.171
275.96	-0.157
276.76	-0.163
277.55	-0.037
278.34	-0.690
279.14	-0.780
279.93	-1.808
280.73	-1.125
281.52	-0.000
282.31	-0.165
283.11	-0.135
283.90	-0.126
284.69	-0.125
285.49	-0.180
286.28	-0.143
287.07	-0.121
287.86	-0.135
288.66	-0.200
289.45	-0.136
290.24	-0.163
291.03	0.259
291.83	0.380
292.62	0.255
293.41	1.166
294.20	-0.000
295.00	-0.266
295.79	-0.260
296.58	-0.205
297.37	-0.251
298.16	-0.277
298.96	-0.325
299.75	-0.173
300.54	-0.193
301.33	-0.196
302.12	-0.173
302.92	-0.183
303.71	-0.278
304.50	-0.226
305.29	-0.168
306.08	-0.212
306.87	-0.082
307.66	-0.068
308.45	0.001
309.24	-0.003
310.04	0.001
310.83	-0.035
311.62	-0.069
312.41	-0.161
313.20	-0.181
313.99	-0.174
314.78	-0.089
315.57	-0.112
316.36	0.993
317.15	0.772
317.94	1.261
318.73	-0.000
319.52	-0.000
320.31	0.457
321.10	0.626
321.89	0.546
322.68	-0.159
323.47	-0.000
324.26	-0.000
325.05	-0.000
325.84	-0.000
326.63	-0.000
327.42	-0.000
328.20	-1.487
328.99	-2.107
329.78	-0.602
330.57	-0.473
331.36	-0.146
332.15	-0.167
332.94	-0.145
333.73	-0.181
334.52	-0.172
335.30	-0.175
336.09	-0.194
336.88	-0.254
337.67	-0.240
338.46	-0.161
339.25	-0.244
340.03	-0.169
340.82	-0.233
341.61	-0.276
342.40	-0.299
343.19	-0.207
343.97	-0.210
344.76	-0.141
345.55	-0.110
346.34	-0.123
347.12	-0.161
347.91	-0.179
348.70	-0.442
349.48	-0.426
350.27	-0.486
351.06	-0.445
351.85	-0.494
352.63	-0.000
353.42	-0.000
354.21	-0.000
354.99	-0.000
355.78	-0.000
356.57	-0.225
357.35	-0.175
358.14	-0.181
358.93	-0.176
359.71	-0.195
360.50	-0.162
361.28	-0.228
362.07	-0.156
362.86	-0.193
363.64	-0.128
364.43	-0.097
365.21	-0.098
366.00	-0.147
366.78	-0.102
367.57	-0.118
368.36	1.226
369.14	1.071
369.93	1.051
370.71	-0.333
371.50	-0.356
372.28	-0.538
373.07	-0.578
373.85	-0.535
374.64	-0.209
375.42	-0.199
376.21	-0.156
376.99	-0.183
377.78	-0.167
378.56	-0.153
379.34	-0.156
380.13	-0.273
380.91	-0.337
381.70	-0.165
382.48	-0.111
383.27	-0.057
384.05	0.021
384.83	0.096
385.62	-0.403
386.40	-0.343
387.18	-1.320
387.97	-0.000
388.75	-0.000
389.54	-0.000
390.32	-0.000
391.10	-0.000
391.89	-0.000
392.67	-0.130
393.45	-0.221
394.23	-0.000
395.02	-0.000
395.80	-0.000
396.58	-0.000
397.37	0.547
398.15	-0.402
398.93	-0.398
399.71	-0.465
400.50	-0.467
401.28	-0.679
402.06	-0.210
402.84	-0.212
403.63	-0.173
404.41	-0.156
405.19	-0.116
405.97	-0.110
406.75	-0.309
407.53	-0.312
408.32	-0.389
409.10	-0.376
409.88	-0.576
410.66	-0.148
411.44	-0.171
412.22	-0.161
413.01	-0.150
413.79	-0.128
414.57	-0.131
415.35	-0.097
416.13	-0.083
416.91	-1.147
417.69	-1.351
418.47	-1.534
419.25	-0.000
420.03	-0.000
420.81	-0.380
421.59	-0.142
422.37	-0.205
423.16	-0.028
423.94	-0.646
424.72	-0.720
425.50	-0.638
426.28	-0.663
427.06	-0.680
427.84	-0.125
428.62	-0.122
429.40	-0.151
430.17	-0.142
430.95	-0.139
431.73	-0.120
432.51	-0.113
433.29	-0.108
434.07	-0.115
434.85	-0.130
435.63	-0.132
436.41	-0.148
437.19	-0.155
437.97	-0.152
438.75	0.260
439.52	0.205
440.30	0.213
441.08	0.186
441.86	0.179
442.64	-0.135
443.42	-0.134
444.20	-0.139
444.97	-0.137
445.75	-0.155
446.53	-0.151
447.31	-0.135
448.09	-0.137
448.86	-0.126
449.64	-0.118
450.42	-0.138
451.20	-0.109
451.98	-0.115
452.75	-0.091
453.53	-0.121
454.31	-0.111
455.08	-0.116
455.86	-0.122
456.64	-0.122
457.42	-0.098
458.19	-0.104
458.97	-0.097
459.75	-0.074
460.52	-0.068
461.30	-0.087
462.08	-0.073
462.85	-0.078
463.63	-0.087
464.41	-0.086
465.18	-0.076
465.96	-0.079
466.74	-0.075
467.51	-0.067
468.29	-0.067
469.06	-0.066
469.84	-0.066
470.62	-0.061
471.39	-0.050
472.17	-0.062
472.94	-0.055
473.72	-0.053
474.49	-0.053
475.27	-0.056
476.04	-0.038
476.82	-0.037
477.59	-0.034
478.37	-0.033
479.14	-0.024
479.92	-0.023
480.69	-0.020
481.47	-0.021
482.24	-0.039
483.02	-0.042
483.79	-0.041
484.57	-0.041
485.34	-0.034
486.12	-0.016
486.89	-0.016
487.66	-0.018
488.44	-0.019
489.21	-0.021
489.99	-0.022
490.76	-0.023
491.53	-0.017
492.31	-0.005
493.08	-0.006
493.86	0.003
494.63	-0.013
495.40	-0.015
496.18	-0.018
496.95	-0.066
497.72	-0.072
498.50	-0.053
499.27	-0.057
500.04	-0.057
500.81	-0.015
501.59	-0.014
502.36	-0.024
503.13	-0.020
503.91	-0.019
504.68	-0.016
505.45	-0.016
506.22	-0.004
507.00	-0.003
507.77	-0.002
508.54	-0.003
509.31	-0.004
510.08	-0.007
510.86	-0.005
511.63	-0.005
512.40	-0.005
513.17	-0.004
513.94	-0.004
514.72	-0.006
515.49	-0.007
516.26	-0.007
517.03	-0.007
517.80	-0.006
518.57	-0.003
519.34	-0.002
520.11	-0.001
520.89	-0.001
521.66	0.003
522.43	0.003
523.20	0.002
523.97	0.001
524.74	0.004
525.51	0.001
526.28	0.002
527.05	0.001
527.82	0.002
528.59	-0.010
529.36	-0.009
530.13	-0.009
530.90	-0.007
531.67	-0.007
532.44	0.004
533.21	0.004
533.98	-0.004
534.75	-0.003
535.52	-0.003
536.29	-0.004
537.06	-0.003
537.83	0.006
538.60	0.005
539.37	0.005
540.14	-0.008
540.91	-0.007
541.67	-0.017
542.44	-0.017
543.21	-0.017
543.98	-0.004
544.75	-0.006
545.52	0.004
546.29	0.003
547.06	0.003
547.82	0.003
548.59	0.006
549.36	0.004
550.13	0.006
550.90	0.006
551.67	0.007
552.43	0.005
553.20	0.011
553.97	0.010
554.74	0.012
555.50	0.012
556.27	0.013
557.04	0.009
557.81	0.010
558.57	0.009
559.34	0.004
560.11	0.005
560.88	0.007
561.64	0.006
562.41	0.007
563.18	0.012
563.94	0.012
564.71	0.017
565.48	0.018
566.24	0.019
567.01	0.020
567.78	0.021
568.54	0.015
569.31	0.015
570.08	0.016
570.84	0.016
571.61	0.015
572.37	0.021
573.14	0.026
573.91	0.026
574.67	0.026
575.44	0.027
576.20	0.020
576.97	0.015
577.73	0.015
578.50	0.015
579.27	0.015
580.03	0.016
580.80	0.017
581.56	0.018
582.33	0.017
583.09	0.018
583.86	0.018
584.62	0.014
585.39	0.013
586.15	0.014
586.91	0.013
587.68	0.013
588.44	0.017
589.21	0.017
589.97	0.016
590.74	0.015
591.50	0.016
592.27	0.016
593.03	0.015
593.79	0.014
594.56	0.014
595.32	0.012
596.08	0.012
596.85	0.012
597.61	0.012
598.38	0.011
599.14	0.012
599.90	0.012
600.67	0.011
601.43	0.010
602.19	0.012
602.95	0.012
603.72	0.011
604.48	0.010
605.24	0.011
606.01	0.010
606.77	0.009
607.53	0.008
608.29	0.005
609.06	0.005
609.82	0.003
610.58	0.004
611.34	0.006
612.11	0.010
612.87	0.011
613.63	0.013
614.39	0.014
615.15	0.017
615.92	0.020
616.68	0.021
617.44	0.022
618.20	0.023
618.96	0.025
619.72	0.024
620.48	0.025
621.25	0.025
622.01	0.026
622.77	0.024
623.53	0.026
624.29	0.027
625.05	0.030
625.81	0.032
626.57	0.037
627.33	0.038
628.09	0.040
628.85	0.044
629.61	0.047
630.37	0.050
631.14	0.053
631.90	0.055
632.66	0.055
633.42	0.056
634.18	0.057
634.94	0.058
635.70	0.059
636.46	0.059
637.21	0.059
637.97	0.059
638.73	0.057
639.49	0.055
640.25	0.052
641.01	0.049
641.77	0.046
642.53	0.042
643.29	0.039
644.05	0.037
644.81	0.035
645.57	0.031
646.33	0.028
647.08	0.025
647.84	0.024
648.60	0.021
649.36	0.020
650.12	0.018
650.88	0.013
651.63	0.009
652.39	0.009
653.15	0.006
653.91	0.006
654.67	0.009
655.42	0.009
656.18	0.007
656.94	0.006
657.70	0.004
658.46	0.004
659.21	0.003
659.97	0.003
660.73	0.004
661.49	0.004
662.24	0.003
663.00	0.003
663.76	0.003
664.51	0.002
665.27	0.002
666.03	0.002
666.78	0.002
667.54	0.002
668.30	0.002
669.05	0.001
669.81	0.002
670.57	0.002
671.32	0.002
672.08	0.002
672.84	0.002
673.59	0.002
674.35	0.002
675.10	0.003
675.86	0.003
676.62	0.002
677.37	0.002
678.13	0.002
678.88	0.003
679.64	0.002
680.39	0.003
681.15	0.003
681.90	0.002
682.66	-0.000
683.41	0.001
684.17	0.001
684.92	0.001
685.68	0.001
686.43	0.001
687.19	0.001
687.94	0.000
688.70	0.001
689.45	0.000
690.21	0.000
690.96	-0.001
691.72	-0.000
692.47	-0.000
693.22	0.000
693.98	0.001
694.73	0.001
695.49	0.001
696.24	0.001
696.99	0.001
697.75	0.001
698.50	0.001
699.25	0.001
700.01	0.001
700.76	0.001
701.51	0.001
702.27	0.000
703.02	0.000
703.77	0.000
704.53	0.001
705.28	0.000
706.03	0.001
706.79	0.001
707.54	0.002
708.29	0.002
709.04	0.002
709.80	0.002
710.55	0.002
711.30	0.002
712.05	0.002
712.80	0.001
713.56	0.001
714.31	0.002
715.06	0.002
715.81	0.003
716.56	0.003
717.32	0.002
718.07	0.001
718.82	0.001
719.57	0.001
720.32	0.001
721.07	0.001
721.83	0.001
722.58	0.001
723.33	0.001
724.08	0.000
724.83	0.001
725.58	0.001
726.33	0.002
727.08	0.002
727.83	0.002
728.58	0.001
729.33	0.001
730.08	0.001
730.83	0.001
731.58	0.002
732.34	0.002
733.09	0.001
733.84	0.003
734.59	0.002
735.34	0.002
736.09	0.003
736.83	0.004
737.58	0.002
738.33	0.002
739.08	0.001
739.83	0.005
740.58	0.004
741.33	0.004
742.08	0.005
742.83	0.004
743.58	0.001
744.33	0.001
745.08	0.002
745.83	0.002
746.57	0.003
747.32	0.002
748.07	0.002
748.82	0.002
749.57	0.002
750.32	0.001
751.07	0.002
751.81	0.002
752.56	0.002
753.31	0.002
754.06	0.002
754.81	0.002
755.55	0.002
756.30	0.001
757.05	0.001
757.80	0.002
758.55	0.003
759.29	0.003
760.04	0.003
760.79	0.002
761.53	0.002
762.28	0.001
763.03	0.000
763.78	0.000
764.52	0.001
765.27	0.001
766.02	0.001
766.76	0.001
767.51	0.001
768.26	0.000
769.00	0.000
769.75	0.000
770.50	-0.010
771.24	-0.010
771.99	-0.009
772.73	-0.010
773.48	-0.010
774.23	-0.002
774.97	-0.003
775.72	-0.003
776.46	-0.002
777.21	-0.002
777.96	0.001
778.70	0.002
779.45	0.001
780.19	0.002
780.94	0.002
781.68	0.003
782.43	0.003
783.17	0.001
783.92	0.001
784.66	0.001
785.41	-0.001
786.15	-0.001
786.90	0.001
787.64	-0.001
788.39	-0.000
789.13	0.001
789.87	0.000
790.62	-0.001
791.36	0.000
792.11	-0.000
792.85	-0.002
793.60	-0.003
794.34	-0.001
795.08	-0.001
795.83	-0.001
796.57	0.001
797.31	0.001
798.06	0.001
798.80	0.001
799.54	0.001
800.29	0.001
801.03	0.001
801.77	0.001
802.52	0.001
803.26	0.000
804.00	-0.002
804.75	-0.003
805.49	-0.002
806.23	-0.002
806.97	-0.002
807.72	0.001
808.46	0.001
809.20	0.001
809.94	0.001
810.69	0.002
811.43	0.002
812.17	0.002
812.91	0.001
813.65	0.002
814.40	0.002
815.14	0.001
815.88	0.001
816.62	0.002
817.36	0.001
818.11	0.003
818.85	0.002
819.59	0.002
820.33	0.001
821.07	0.000
821.81	-0.002
822.55	-0.001
823.29	-0.001
824.03	-0.001
824.78	-0.001
825.52	-0.000
826.26	0.001
827.00	-0.002
827.74	-0.002
828.48	-0.002
829.22	-0.003
829.96	-0.003
830.70	0.000
831.44	-0.000
832.18	-0.000
832.92	0.000
833.66	-0.001
834.40	-0.000
835.14	0.000
835.88	0.001
836.62	0.002
837.36	0.002
838.10	0.002
838.84	0.001
839.58	0.000
840.31	-0.001
841.05	-0.001
841.79	-0.001
842.53	-0.001
843.27	-0.002
844.01	-0.001
844.75	-0.002
845.49	-0.002
846.23	-0.002
846.96	-0.001
847.70	-0.001
848.44	-0.001
849.18	-0.002
849.92	-0.000
850.66	-0.001
851.39	-0.001
852.13	-0.007
852.87	-0.007
853.61	-0.007
854.35	-0.007
855.08	-0.007
855.82	-0.001
856.56	-0.004
857.30	-0.005
858.03	-0.005
858.77	-0.005
859.51	-0.006
860.24	-0.003
860.98	-0.003
861.72	-0.002
862.46	-0.002
863.19	0.000
863.93	-0.000
864.67	-0.000
865.40	-0.000
866.14	0.000
866.88	-0.001
867.61	-0.002
868.35	-0.002
869.08	-0.003
869.82	-0.003
870.56	-0.002
871.29	0.000
872.03	0.001
872.76	0.001
873.50	0.001
874.24	0.000
874.97	0.000
875.71	0.000
876.44	0.004
877.18	0.003
877.91	0.003
878.65	0.003
879.38	0.003
880.12	-0.002
880.85	-0.002
881.59	-0.001
882.32	-0.001
883.06	0.001
883.79	0.002
884.53	-0.001
885.26	-0.002
886.00	-0.001
886.73	-0.002
887.47	-0.002
888.20	0.001
888.93	-0.000
889.67	-0.001
890.40	-0.002
891.14	-0.003
891.87	-0.002
892.60	-0.001
893.34	-0.001
894.07	-0.001
894.80	0.000
895.54	0.001
896.27	0.001
897.01	0.002
897.74	0.001
898.47	0.001
899.20	0.001
899.94	0.000
900.67	0.001
901.40	0.001
902.14	0.001
902.87	-0.000
903.60	0.001
904.33	0.001
905.07	0.002
905.80	-0.003
906.53	-0.002
907.26	-0.004
908.00	-0.004
908.73	-0.005
909.46	0.000
910.19	-0.001
910.92	0.001
911.66	0.001
912.39	0.001
913.12	0.001
913.85	0.001
914.58	0.001
915.31	0.002
916.04	0.002
916.78	0.001
917.51	0.000
918.24	0.004
918.97	0.003
919.70	0.001
920.43	0.003
921.16	0.000
921.89	-0.004
922.62	-0.006
923.35	-0.003
924.08	-0.003
924.82	-0.000
925.55	-0.000
926.28	0.001
927.01	0.001
927.74	0.000
928.47	-0.002
929.20	-0.001
929.93	-0.002
930.66	-0.002
931.39	0.003
932.12	0.005
932.84	0.005
933.57	0.005
934.30	0.005
935.03	-0.000
935.76	-0.001
936.49	-0.003
937.22	-0.001
937.95	0.008
938.68	0.009
939.41	0.012
940.14	0.013
940.86	0.014
941.59	-0.000
942.32	0.001
943.05	-0.000
943.78	0.000
944.51	-0.003
945.24	-0.004
945.96	-0.006
946.69	-0.006
947.42	-0.005
948.15	-0.000
948.88	0.000
949.60	-0.003
950.33	-0.003
951.06	-0.003
951.79	-0.005
952.51	-0.006
953.24	-0.003
953.97	0.008
954.70	0.008
955.42	0.007
956.15	0.008
956.88	0.009
957.60	-0.000
958.33	-0.001
959.06	-0.001
959.78	-0.006
960.51	-0.007
961.24	-0.008
961.96	-0.009
962.69	-0.009
963.42	-0.004
964.14	-0.003
964.87	0.004
965.60	0.006
966.32	0.006
967.05	0.005
967.77	0.006
968.50	-0.001
969.23	-0.002
969.95	-0.001
970.68	-0.001
971.40	-0.002
972.13	-0.003
972.85	-0.001
973.58	-0.002
974.30	-0.000
975.03	0.008
975.75	0.008
976.48	0.008
977.20	0.012
977.93	0.018
978.65	-0.002
979.38	0.114
980.10	-0.070
980.83	-0.079
981.55	-0.143
982.28	-0.165
983.00	-0.171
983.72	-0.009
984.45	-0.004
985.17	0.005
985.90	0.004
986.62	0.004
987.34	0.005
988.07	0.007
988.79	0.003
989.51	0.003
990.24	0.001
990.96	0.622
991.68	0.622

