196.21	-0.161
197.01	-0.353
197.81	-0.130
198.61	-0.118
199.41	-0.076
200.21	-0.106
201.01	-0.150
201.81	-0.175
202.61	-0.416
203.41	-0.463
204.22	-0.545
205.02	-0.494
205.82	-0.535
206.62	-0.217
207.42	-0.191
208.22	-0.121
209.02	-0.125
209.82	-0.114
210.62	-0.118
211.42	-0.111
212.22	-0.119
213.02	-0.074
213.82	-0.000
214.61	1.257
215.41	-0.000
216.21	-0.000
217.01	1.125
217.81	-0.116
218.61	-0.151
219.41	-0.157
220.21	-0.188
221.01	-0.075
221.81	-0.074
222.61	-0.085
223.41	-0.141
224.20	-0.000
225.00	0.558
225.80	0.466
226.60	-0.000
227.40	-0.000
228.20	0.462
228.99	0.470
229.79	-0.000
230.59	0.330
231.39	0.103
232.19	0.122
232.98	0.167
233.78	-0.225
234.58	-0.265
235.38	-0.195
236.18	-0.186
236.97	-0.213
237.77	-0.208
238.57	-0.213
239.37	-0.233
240.16	-0.242
240.96	-0.232
241.76	-0.000
242.55	-0.000
243.35	-0.647
244.15	-1.502
244.94	-0.000
245.74	-0.000
246.54	-0.000
247.33	-0.000
248.13	-0.000
248.93	-0.160
249.72	-0.225
250.52	-0.328
251.32	-0.315
252.11	-0.326
252.91	-0.254
253.70	-0.213
254.50	-0.091
255.30	-0.110
256.09	-0.157
256.89	-0.145
257.68	-0.152
258.48	-0.132
259.27	-0.072
260.07	-0.000
260.87	-0.000
261.66	-0.000
262.46	-0.000
263.25	-0.000
264.05	-0.232
264.84	-0.189
265.64	-0.203
266.43	-0.213
267.23	-0.152
268.02	-0.140
268.81	-0.153
269.61	-0.107
270.40	-0.092
271.20	-0.089
271.99	-0.042
272.79	-0.104
273.58	-0.132
274.38	-0.137
275.17	-0.230
275.96	-0.173
276.76	-0.214
277.55	-0.134
278.34	-0.792
279.14	-0.866
279.93	-1.962
280.73	-1.256
281.52	-0.000
282.31	-0.325
283.11	-0.314
283.90	-0.291
284.69	-0.280
285.49	-0.375
286.28	-0.332
287.07	-0.251
287.86	-0.251
288.66	-0.285
289.45	0.038
290.24	0.043
291.03	0.280
291.83	0.285
292.62	0.321
293.41	-0.000
294.20	-0.000
295.00	-0.180
295.79	-0.130
296.58	-0.016
297.37	-0.095
298.16	-0.150
298.96	-0.221
299.75	-0.146
300.54	-0.270
301.33	-0.280
302.12	-0.264
302.92	-0.259
303.71	-0.418
304.50	-0.215
305.29	-0.130
306.08	-0.145
306.87	-0.067
307.66	-0.060
308.45	-0.012
309.24	-0.010
310.04	-0.026
310.83	-0.046
311.62	-0.126
312.41	-0.152
313.20	-0.249
313.99	-0.214
314.78	-0.191
315.57	-0.171
316.36	0.372
317.15	0.464
317.94	0.610
318.73	0.491
319.52	0.505
320.31	-0.000
321.10	-0.000
321.89	-0.000
322.68	-0.000
323.47	0.372
324.26	-0.000
325.05	-0.000
325.84	-0.000
326.63	-0.000
327.42	-0.000
328.20	-1.415
328.99	-0.976
329.78	0.564
330.57	0.918
331.36	-0.011
332.15	-0.029
332.94	0.006
333.73	-0.014
334.52	0.024
335.30	-0.178
336.09	-0.132
336.88	-0.237
337.67	-0.208
338.46	-0.154
339.25	-0.218
340.03	-0.189
340.82	-0.215
341.61	-0.258
342.40	-0.260
343.19	-0.194
343.97	-0.207
344.76	-0.155
345.55	-0.152
346.34	-0.166
347.12	-0.202
347.91	-0.218
348.70	-0.409
349.48	-0.384
350.27	-0.443
351.06	-0.400
351.85	-0.418
352.63	-0.000
353.42	-0.000
354.21	-0.000
354.99	-0.000
355.78	-0.000
356.57	-0.277
357.35	-0.240
358.14	-0.239
358.93	-0.246
359.71	-0.175
360.50	-0.185
361.28	-0.252
362.07	-0.202
362.86	-0.191
363.64	-0.181
364.43	-0.151
365.21	-0.098
366.00	-0.153
366.78	-0.086
367.57	-0.075
368.36	-0.000
369.14	-0.000
369.93	-0.000
370.71	-0.336
371.50	-0.365
372.28	-0.579
373.07	-0.617
373.85	-0.556
374.64	-0.181
375.42	-0.131
376.21	-0.101
376.99	-0.137
377.78	-0.134
378.56	-0.134
379.34	-0.192
380.13	-0.276
380.91	-0.299
381.70	-0.051
382.48	0.013
383.27	0.025
384.05	0.091
384.83	0.117
385.62	-0.153
386.40	-0.044
387.18	-0.717
387.97	1.582
388.75	2.480
389.54	-0.000
390.32	-0.000
391.10	-0.000
391.89	-0.000
392.67	-0.069
393.45	-0.075
394.23	-0.000
395.02	-0.000
395.80	-0.000
396.58	2.521
397.37	0.977
398.15	-0.295
398.93	-0.266
399.71	-0.366
400.50	-0.342
401.28	-0.649
402.06	-0.203
402.84	-0.218
403.63	-0.168
404.41	-0.167
405.19	-0.133
405.97	-0.141
406.75	-0.333
407.53	-0.328
408.32	-0.439
409.10	-0.424
409.88	-0.581
410.66	-0.225
411.44	-0.226
412.22	-0.193
413.01	-0.197
413.79	-0.179
414.57	-0.123
415.35	-0.127
416.13	-0.088
416.91	-1.193
417.69	-1.411
418.47	-1.584
419.25	-0.000
420.03	-0.000
420.81	-1.040
421.59	-0.866
422.37	-0.897
423.16	-0.005
423.94	-0.597
424.72	-0.698
425.50	-0.628
426.28	-0.641
427.06	-0.686
427.84	-0.143
428.62	-0.107
429.40	-0.110
430.17	-0.093
430.95	-0.080
431.73	-0.052
432.51	-0.055
433.29	-0.051
434.07	-0.060
434.85	-0.055
435.63	-0.045
436.41	-0.074
437.19	-0.080
437.97	-0.077
438.75	0.030
439.52	0.061
440.30	0.100
441.08	0.110
441.86	0.106
442.64	0.003
443.42	-0.028
444.20	-0.026
444.97	-0.013
445.75	-0.035
446.53	-0.030
447.31	-0.018
448.09	-0.012
448.86	-0.018
449.64	0.012
450.42	-0.564
451.20	-0.548
451.98	-0.577
452.75	-0.562
453.53	-0.554
454.31	-0.014
455.08	-0.025
455.86	-0.097
456.64	-0.092
457.42	-0.083
458.19	-0.092
458.97	-0.081
459.75	-0.009
460.52	-0.009
461.30	-0.012
462.08	-0.001
462.85	-0.018
463.63	-0.029
464.41	-0.037
465.18	-0.038
465.96	-0.030
466.74	-0.018
467.51	-0.021
468.29	-0.010
469.06	-0.009
469.84	-0.015
470.62	-0.009
471.39	-0.014
472.17	-0.029
472.94	-0.021
473.72	-0.019
474.49	-0.019
475.27	-0.009
476.04	0.005
476.82	0.000
477.59	0.000
478.37	-0.002
479.14	0.002
479.92	0.006
480.69	0.001
481.47	0.045
482.24	0.023
483.02	0.018
483.79	0.016
484.57	0.022
485.34	-0.015
486.12	0.004
486.89	0.005
487.66	0.003
488.44	0.000
489.21	-0.001
489.99	-0.002
490.76	-0.001
491.53	0.004
492.31	0.016
493.08	0.017
493.86	0.018
494.63	0.001
495.40	0.003
496.18	0.001
496.95	-0.024
497.72	-0.023
498.50	-0.004
499.27	0.012
500.04	0.005
500.81	0.027
501.59	0.024
502.36	0.011
503.13	-0.006
503.91	-0.004
504.68	-0.002
505.45	0.000
506.22	0.015
507.00	0.015
507.77	0.016
508.54	0.017
509.31	0.016
510.08	0.012
510.86	0.014
511.63	0.015
512.40	0.014
513.17	0.011
513.94	0.011
514.72	0.009
515.49	0.007
516.26	0.007
517.03	0.010
517.80	0.014
518.57	0.017
519.34	0.020
520.11	0.018
520.89	0.020
521.66	0.022
522.43	0.022
523.20	0.020
523.97	0.021
524.74	0.029
525.51	0.025
526.28	0.024
527.05	0.026
527.82	0.028
528.59	0.010
529.36	0.012
530.13	0.017
530.90	0.015
531.67	0.016
532.44	0.026
533.21	0.027
533.98	0.023
534.75	0.026
535.52	0.026
536.29	0.026
537.06	0.025
537.83	0.026
538.60	0.026
539.37	0.027
540.14	0.014
540.91	0.017
541.67	0.018
542.44	0.018
543.21	0.018
543.98	0.032
544.75	0.033
545.52	0.034
546.29	0.033
547.06	0.033
547.82	0.033
548.59	0.032
549.36	0.031
550.13	0.032
550.90	0.031
551.67	0.032
552.43	0.032
553.20	0.032
553.97	0.032
554.74	0.034
555.50	0.036
556.27	0.037
557.04	0.037
557.81	0.039
558.57	0.040
559.34	0.036
560.11	0.038
560.88	0.041
561.64	0.042
562.41	0.042
563.18	0.047
563.94	0.048
564.71	0.055
565.48	0.054
566.24	0.055
567.01	0.055
567.78	0.054
568.54	0.048
569.31	0.049
570.08	0.050
570.84	0.050
571.61	0.049
572.37	0.058
573.14	0.064
573.91	0.064
574.67	0.065
575.44	0.067
576.20	0.060
576.97	0.056
577.73	0.059
578.50	0.060
579.27	0.061
580.03	0.062
580.80	0.064
581.56	0.064
582.33	0.066
583.09	0.067
583.86	0.068
584.62	0.063
585.39	0.062
586.15	0.061
586.91	0.062
587.68	0.061
588.44	0.065
589.21	0.064
589.97	0.062
590.74	0.061
591.50	0.059
592.27	0.058
593.03	0.055
593.79	0.053
594.56	0.051
595.32	0.049
596.08	0.047
596.85	0.046
597.61	0.044
598.38	0.043
599.14	0.043
599.90	0.041
600.67	0.041
601.43	0.041
602.19	0.039
602.95	0.040
603.72	0.039
604.48	0.039
605.24	0.040
606.01	0.038
606.77	0.038
607.53	0.036
608.29	0.037
609.06	0.038
609.82	0.042
610.58	0.044
611.34	0.047
612.11	0.049
612.87	0.050
613.63	0.050
614.39	0.051
615.15	0.053
615.92	0.057
616.68	0.060
617.44	0.064
618.20	0.067
618.96	0.070
619.72	0.071
620.48	0.073
621.25	0.077
622.01	0.081
622.77	0.081
623.53	0.086
624.29	0.091
625.05	0.097
625.81	0.103
626.57	0.112
627.33	0.116
628.09	0.121
628.85	0.127
629.61	0.134
630.37	0.140
631.14	0.147
631.90	0.153
632.66	0.161
633.42	0.165
634.18	0.169
634.94	0.171
635.70	0.174
636.46	0.170
637.21	0.168
637.97	0.165
638.73	0.161
639.49	0.155
640.25	0.149
641.01	0.142
641.77	0.134
642.53	0.124
643.29	0.116
644.05	0.108
644.81	0.100
645.57	0.091
646.33	0.084
647.08	0.076
647.84	0.070
648.60	0.062
649.36	0.058
650.12	0.052
650.88	0.047
651.63	0.041
652.39	0.038
653.15	0.032
653.91	0.029
654.67	0.026
655.42	0.024
656.18	0.024
656.94	0.022
657.70	0.019
658.46	0.018
659.21	0.016
659.97	0.011
660.73	0.012
661.49	0.011
662.24	0.011
663.00	0.011
663.76	0.010
664.51	0.009
665.27	0.009
666.03	0.007
666.78	0.007
667.54	0.007
668.30	0.007
669.05	0.006
669.81	0.006
670.57	0.005
671.32	0.004
672.08	0.004
672.84	0.003
673.59	0.003
674.35	0.002
675.10	0.005
675.86	0.004
676.62	0.005
677.37	0.006
678.13	0.006
678.88	0.004
679.64	0.003
680.39	0.004
681.15	0.004
681.90	0.003
682.66	0.004
683.41	0.004
684.17	0.003
684.92	0.002
685.68	0.003
686.43	0.002
687.19	0.002
687.94	0.001
688.70	0.001
689.45	0.000
690.21	0.000
690.96	0.001
691.72	0.001
692.47	0.001
693.22	0.001
693.98	0.001
694.73	0.001
695.49	0.002
696.24	0.001
696.99	0.001
697.75	0.002
698.50	0.002
699.25	0.001
700.01	0.001
700.76	0.001
701.51	0.000
702.27	0.000
703.02	0.000
703.77	0.000
704.53	-0.000
705.28	-0.000
706.03	0.000
706.79	0.000
707.54	0.001
708.29	0.001
709.04	0.001
709.80	0.001
710.55	0.004
711.30	0.005
712.05	0.005
712.80	0.005
713.56	0.005
714.31	0.002
715.06	0.003
715.81	0.003
716.56	0.003
717.32	0.002
718.07	0.002
718.82	0.002
719.57	0.002
720.32	0.003
721.07	0.003
721.83	0.003
722.58	0.002
723.33	0.001
724.08	0.000
724.83	0.001
725.58	0.001
726.33	0.001
727.08	0.002
727.83	0.002
728.58	0.001
729.33	0.001
730.08	0.001
730.83	0.001
731.58	0.001
732.34	0.001
733.09	0.001
733.84	0.001
734.59	0.002
735.34	0.001
736.09	0.001
736.83	0.003
737.58	0.003
738.33	0.002
739.08	0.003
739.83	0.008
740.58	0.006
741.33	0.007
742.08	0.007
742.83	0.007
743.58	0.002
744.33	0.002
745.08	0.002
745.83	0.002
746.57	0.003
747.32	0.004
748.07	0.003
748.82	0.003
749.57	0.003
750.32	0.002
751.07	0.002
751.81	0.003
752.56	0.003
753.31	0.003
754.06	0.002
754.81	0.002
755.55	0.002
756.30	0.001
757.05	0.002
757.80	0.001
758.55	0.003
759.29	0.004
760.04	0.004
760.79	0.004
761.53	0.004
762.28	-0.000
763.03	-0.000
763.78	-0.000
764.52	-0.000
765.27	-0.001
766.02	0.001
766.76	0.000
767.51	0.000
768.26	-0.003
769.00	-0.003
769.75	-0.002
770.50	-0.010
771.24	-0.010
771.99	-0.006
772.73	-0.007
773.48	-0.007
774.23	-0.002
774.97	-0.002
775.72	-0.003
776.46	-0.002
777.21	-0.002
777.96	0.002
778.70	0.002
779.45	0.003
780.19	0.003
780.94	0.002
781.68	0.002
782.43	0.002
783.17	0.002
783.92	0.002
784.66	0.002
785.41	0.001
786.15	0.001
786.90	0.001
787.64	-0.000
788.39	0.000
789.13	0.000
789.87	0.001
790.62	-0.000
791.36	0.004
792.11	0.004
792.85	0.005
793.60	0.004
794.34	0.006
795.08	0.003
795.83	0.003
796.57	0.003
797.31	0.003
798.06	0.003
798.80	0.003
799.54	0.002
800.29	0.002
801.03	0.001
801.77	0.001
802.52	0.001
803.26	0.001
804.00	0.001
804.75	0.001
805.49	0.002
806.23	0.003
806.97	0.004
807.72	0.004
808.46	0.005
809.20	0.004
809.94	0.001
810.69	0.002
811.43	0.002
812.17	0.001
812.91	0.000
813.65	0.004
814.40	0.003
815.14	0.003
815.88	0.004
816.62	0.005
817.36	0.002
818.11	0.004
818.85	0.003
819.59	0.003
820.33	0.002
821.07	0.002
821.81	0.000
822.55	0.001
823.29	0.001
824.03	-0.000
824.78	0.000
825.52	0.000
826.26	0.000
827.00	0.000
827.74	0.000
828.48	0.000
829.22	-0.000
829.96	0.003
830.70	0.002
831.44	0.002
832.18	0.002
832.92	0.002
833.66	-0.001
834.40	-0.001
835.14	0.001
835.88	0.001
836.62	0.001
837.36	0.001
838.10	0.000
838.84	-0.001
839.58	-0.001
840.31	-0.001
841.05	0.000
841.79	0.000
842.53	0.001
843.27	-0.000
844.01	0.000
844.75	-0.001
845.49	-0.001
846.23	-0.002
846.96	-0.002
847.70	-0.001
848.44	-0.001
849.18	-0.001
849.92	0.001
850.66	0.001
851.39	0.001
852.13	-0.003
852.87	-0.003
853.61	-0.004
854.35	-0.005
855.08	-0.005
855.82	-0.002
856.56	-0.004
857.30	-0.004
858.03	-0.003
858.77	-0.003
859.51	-0.004
860.24	-0.002
860.98	-0.002
861.72	-0.002
862.46	-0.003
863.19	-0.001
863.93	-0.000
864.67	-0.001
865.40	-0.000
866.14	-0.001
866.88	-0.002
867.61	-0.004
868.35	-0.004
869.08	-0.006
869.82	-0.004
870.56	-0.003
871.29	-0.001
872.03	-0.002
872.76	-0.001
873.50	-0.001
874.24	-0.004
874.97	-0.005
875.71	-0.004
876.44	-0.004
877.18	-0.004
877.91	-0.001
878.65	-0.002
879.38	-0.002
880.12	-0.001
880.85	-0.001
881.59	0.002
882.32	0.003
883.06	0.004
883.79	0.003
884.53	-0.001
885.26	-0.003
886.00	-0.003
886.73	-0.005
887.47	-0.005
888.20	-0.001
888.93	-0.002
889.67	-0.002
890.40	-0.004
891.14	-0.004
891.87	-0.004
892.60	-0.004
893.34	-0.004
894.07	-0.003
894.80	-0.003
895.54	-0.002
896.27	-0.001
897.01	-0.001
897.74	-0.000
898.47	0.000
899.20	0.001
899.94	-0.000
900.67	-0.002
901.40	-0.002
902.14	-0.002
902.87	-0.004
903.60	-0.004
904.33	-0.002
905.07	-0.001
905.80	-0.006
906.53	-0.004
907.26	-0.005
908.00	-0.005
908.73	-0.006
909.46	-0.001
910.19	-0.002
910.92	-0.000
911.66	0.000
912.39	-0.000
913.12	0.000
913.85	-0.001
914.58	-0.001
915.31	-0.001
916.04	-0.001
916.78	-0.001
917.51	-0.001
918.24	-0.002
918.97	-0.002
919.70	0.000
920.43	0.000
921.16	-0.003
921.89	-0.002
922.62	-0.004
923.35	-0.004
924.08	-0.004
924.82	-0.001
925.55	-0.001
926.28	0.000
927.01	-0.001
927.74	-0.001
928.47	-0.004
929.20	-0.004
929.93	-0.004
930.66	-0.003
931.39	0.001
932.12	0.004
932.84	0.004
933.57	0.005
934.30	0.005
935.03	-0.001
935.76	-0.001
936.49	-0.002
937.22	-0.003
937.95	-0.000
938.68	0.000
939.41	0.001
940.14	0.002
940.86	0.004
941.59	-0.030
942.32	-0.032
943.05	-0.033
943.78	-0.035
944.51	-0.037
945.24	-0.006
945.96	-0.004
946.69	-0.008
947.42	-0.008
948.15	-0.007
948.88	-0.005
949.60	-0.010
950.33	-0.009
951.06	-0.006
951.79	-0.006
952.51	-0.006
953.24	-0.002
953.97	0.000
954.70	0.000
955.42	0.001
956.15	0.000
956.88	0.001
957.60	-0.001
958.33	-0.002
959.06	-0.002
959.78	-0.006
960.51	-0.007
961.24	-0.005
961.96	-0.006
962.69	-0.006
963.42	-0.000
964.14	0.001
964.87	0.007
965.60	0.008
966.32	0.008
967.05	0.006
967.77	0.006
968.50	-0.002
969.23	-0.001
969.95	-0.000
970.68	0.000
971.40	0.001
972.13	0.002
972.85	0.003
973.58	0.001
974.30	0.002
975.03	0.009
975.75	0.008
976.48	0.009
977.20	0.013
977.93	0.020
978.65	-0.002
979.38	0.090
980.10	-0.023
980.83	-0.048
981.55	-0.139
982.28	-0.185
983.00	-0.232
983.72	-0.015
984.45	-0.008
985.17	0.003
985.90	0.004
986.62	0.004
987.34	0.005
988.07	0.007
988.79	0.003
989.51	0.003
990.24	0.001
990.96	0.540
991.68	0.540

