196.21	-0.140
197.01	-0.252
197.81	-0.053
198.61	-0.065
199.41	-0.044
200.21	-0.133
201.01	-0.131
201.81	-0.151
202.61	-0.372
203.41	-0.435
204.22	-0.505
205.02	-0.471
205.82	-0.524
206.62	-0.221
207.42	-0.198
208.22	-0.169
209.02	-0.155
209.82	0.030
210.62	0.021
211.42	0.085
212.22	0.107
213.02	0.037
213.82	0.229
214.61	0.183
215.41	0.163
216.21	0.148
217.01	0.176
217.81	-0.230
218.61	-0.284
219.41	-0.260
220.21	-0.249
221.01	-0.257
221.81	-0.298
222.61	-0.298
223.41	-0.365
224.20	0.204
225.00	0.176
225.80	0.282
226.60	-0.239
227.40	-0.231
228.20	-0.325
228.99	-0.355
229.79	-0.344
230.59	-0.220
231.39	-0.280
232.19	-0.340
232.98	-0.317
233.78	-0.295
234.58	-0.262
235.38	-0.225
236.18	-0.221
236.97	-0.259
237.77	-0.246
238.57	-0.261
239.37	-0.287
240.16	-0.280
240.96	-0.240
241.76	-0.000
242.55	-0.000
243.35	-0.000
244.15	-0.000
244.94	-0.579
245.74	-0.118
246.54	-0.145
247.33	-0.126
248.13	-0.115
248.93	-0.172
249.72	-0.211
250.52	-0.265
251.32	-0.236
252.11	-0.247
252.91	-0.203
253.70	-0.165
254.50	-0.118
255.30	-0.163
256.09	-0.173
256.89	-0.151
257.68	-0.203
258.48	-0.138
259.27	-0.071
260.07	-0.265
260.87	-0.200
261.66	-0.247
262.46	-0.201
263.25	-0.137
264.05	-0.218
264.84	-0.180
265.64	-0.294
266.43	-0.294
267.23	-0.241
268.02	-0.222
268.81	-0.209
269.61	-0.014
270.40	-0.040
271.20	-0.038
271.99	-0.001
272.79	-0.060
273.58	-0.074
274.38	-0.078
275.17	-0.177
275.96	-0.133
276.76	-0.168
277.55	0.126
278.34	-0.534
279.14	-0.637
279.93	-1.689
280.73	-0.991
281.52	-0.000
282.31	-0.245
283.11	-0.191
283.90	-0.207
284.69	-0.192
285.49	-0.238
286.28	-0.283
287.07	-0.270
287.86	-0.238
288.66	-0.268
289.45	-0.007
290.24	-0.025
291.03	-0.000
291.83	-0.000
292.62	-0.000
293.41	-0.000
294.20	-0.000
295.00	-0.465
295.79	-0.449
296.58	-0.361
297.37	-0.292
298.16	-0.314
298.96	-0.345
299.75	-0.218
300.54	-0.106
301.33	-0.098
302.12	-0.093
302.92	-0.100
303.71	-0.096
304.50	-0.333
305.29	-0.340
306.08	-0.324
306.87	-0.215
307.66	-0.177
308.45	-0.202
309.24	-0.126
310.04	-0.137
310.83	-0.162
311.62	-0.252
312.41	-0.241
313.20	-0.348
313.99	-0.342
314.78	-0.305
315.57	-0.280
316.36	0.221
317.15	0.295
317.94	0.263
318.73	0.182
319.52	0.307
320.31	-0.296
321.10	-0.326
321.89	-0.341
322.68	-0.350
323.47	-0.000
324.26	-0.000
325.05	-0.000
325.84	-0.000
326.63	-0.000
327.42	-1.212
328.20	-0.000
328.99	-0.000
329.78	-0.000
330.57	-0.000
331.36	-0.104
332.15	-0.109
332.94	-0.096
333.73	-0.132
334.52	-0.069
335.30	-0.235
336.09	-0.239
336.88	-0.282
337.67	-0.239
338.46	-0.178
339.25	-0.268
340.03	-0.227
340.82	-0.286
341.61	-0.330
342.40	-0.363
343.19	-0.299
343.97	-0.293
344.76	-0.236
345.55	-0.189
346.34	-0.177
347.12	-0.169
347.91	-0.174
348.70	-0.201
349.48	-0.169
350.27	-0.246
351.06	-0.246
351.85	-0.266
352.63	-0.000
353.42	-0.000
354.21	-0.000
354.99	-0.000
355.78	-0.000
356.57	-0.233
357.35	-0.199
358.14	-0.195
358.93	-0.192
359.71	-0.187
360.50	-0.198
361.28	-0.290
362.07	-0.251
362.86	-0.247
363.64	-0.200
364.43	-0.231
365.21	-0.190
366.00	-0.252
366.78	-0.236
367.57	-0.257
368.36	-0.000
369.14	-0.000
369.93	-0.000
370.71	-0.000
371.50	-0.000
372.28	-0.113
373.07	-0.184
373.85	-0.152
374.64	-0.185
375.42	-0.168
376.21	-0.181
376.99	-0.229
377.78	-0.203
378.56	-0.270
379.34	-0.301
380.13	-0.337
380.91	-0.358
381.70	-0.161
382.48	-0.107
383.27	-0.038
384.05	0.004
384.83	-0.006
385.62	-0.820
386.40	-0.773
387.18	-1.950
387.97	-0.000
388.75	-0.000
389.54	-0.000
390.32	-0.000
391.10	-0.000
391.89	-0.000
392.67	-0.337
393.45	-0.444
394.23	-0.455
395.02	-0.540
395.80	-0.423
396.58	-0.331
397.37	-0.367
398.15	-0.663
398.93	-0.642
399.71	-0.718
400.50	-0.624
401.28	-0.758
402.06	-0.287
402.84	-0.266
403.63	-0.217
404.41	-0.200
405.19	-0.193
405.97	-0.102
406.75	-0.293
407.53	-0.284
408.32	-0.379
409.10	-0.361
409.88	-0.617
410.66	-0.239
411.44	-0.280
412.22	-0.252
413.01	-0.234
413.79	-0.233
414.57	-0.196
415.35	-0.182
416.13	-0.125
416.91	-0.898
417.69	-1.057
418.47	-1.213
419.25	0.849
420.03	0.811
420.81	-0.728
421.59	-0.648
422.37	-0.682
423.16	-0.099
423.94	-0.650
424.72	-0.721
425.50	-0.666
426.28	-0.701
427.06	-0.684
427.84	-0.220
428.62	-0.186
429.40	-0.173
430.17	-0.158
430.95	-0.172
431.73	-0.074
432.51	-0.096
433.29	-0.059
434.07	-0.045
434.85	-0.032
435.63	-0.039
436.41	-0.037
437.19	-0.052
437.97	-0.058
438.75	0.084
439.52	0.010
440.30	0.039
441.08	0.038
441.86	0.031
442.64	-0.078
443.42	-0.020
444.20	-0.011
444.97	0.004
445.75	-0.007
446.53	-0.004
447.31	-0.001
448.09	-0.021
448.86	-0.026
449.64	-0.011
450.42	-0.299
451.20	-0.291
451.98	-0.327
452.75	-0.302
453.53	-0.310
454.31	-0.029
455.08	-0.036
455.86	-0.072
456.64	-0.073
457.42	-0.055
458.19	-0.059
458.97	-0.049
459.75	0.011
460.52	0.006
461.30	-0.008
462.08	-0.000
462.85	-0.014
463.63	-0.026
464.41	-0.028
465.18	-0.023
465.96	0.015
466.74	0.024
467.51	0.018
468.29	0.030
469.06	0.024
469.84	-0.017
470.62	-0.013
471.39	-0.012
472.17	-0.050
472.94	-0.045
473.72	-0.034
474.49	-0.032
475.27	-0.032
476.04	-0.001
476.82	-0.002
477.59	-0.005
478.37	-0.009
479.14	-0.001
479.92	-0.002
480.69	-0.003
481.47	-0.002
482.24	-0.017
483.02	-0.019
483.79	-0.017
484.57	-0.010
485.34	-0.005
486.12	0.013
486.89	0.014
487.66	0.014
488.44	0.012
489.21	0.008
489.99	0.004
490.76	0.007
491.53	0.011
492.31	0.020
493.08	0.021
493.86	0.025
494.63	0.008
495.40	0.009
496.18	0.004
496.95	-0.041
497.72	-0.043
498.50	-0.025
499.27	-0.022
500.04	-0.021
500.81	0.023
501.59	0.024
502.36	0.013
503.13	0.011
503.91	0.013
504.68	0.011
505.45	0.013
506.22	0.026
507.00	0.027
507.77	0.028
508.54	0.031
509.31	0.031
510.08	0.029
510.86	0.029
511.63	0.030
512.40	0.030
513.17	0.026
513.94	0.029
514.72	0.028
515.49	0.029
516.26	0.029
517.03	0.032
517.80	0.032
518.57	0.034
519.34	0.035
520.11	0.035
520.89	0.038
521.66	0.039
522.43	0.039
523.20	0.038
523.97	0.037
524.74	0.048
525.51	0.047
526.28	0.049
527.05	0.049
527.82	0.049
528.59	0.030
529.36	0.030
530.13	0.028
530.90	0.028
531.67	0.030
532.44	0.040
533.21	0.041
533.98	0.045
534.75	0.047
535.52	0.048
536.29	0.049
537.06	0.049
537.83	0.051
538.60	0.051
539.37	0.051
540.14	0.041
540.91	0.043
541.67	0.042
542.44	0.045
543.21	0.046
543.98	0.057
544.75	0.057
545.52	0.057
546.29	0.056
547.06	0.055
547.82	0.055
548.59	0.060
549.36	0.059
550.13	0.061
550.90	0.061
551.67	0.062
552.43	0.059
553.20	0.062
553.97	0.062
554.74	0.065
555.50	0.066
556.27	0.068
557.04	0.069
557.81	0.070
558.57	0.072
559.34	0.069
560.11	0.070
560.88	0.072
561.64	0.074
562.41	0.074
563.18	0.078
563.94	0.079
564.71	0.073
565.48	0.075
566.24	0.076
567.01	0.076
567.78	0.077
568.54	0.084
569.31	0.083
570.08	0.084
570.84	0.085
571.61	0.085
572.37	0.094
573.14	0.101
573.91	0.101
574.67	0.104
575.44	0.107
576.20	0.101
576.97	0.098
577.73	0.102
578.50	0.105
579.27	0.106
580.03	0.109
580.80	0.113
581.56	0.115
582.33	0.116
583.09	0.117
583.86	0.120
584.62	0.112
585.39	0.111
586.15	0.111
586.91	0.110
587.68	0.109
588.44	0.112
589.21	0.111
589.97	0.108
590.74	0.105
591.50	0.102
592.27	0.100
593.03	0.096
593.79	0.092
594.56	0.089
595.32	0.085
596.08	0.081
596.85	0.079
597.61	0.077
598.38	0.074
599.14	0.073
599.90	0.073
600.67	0.071
601.43	0.071
602.19	0.070
602.95	0.070
603.72	0.069
604.48	0.069
605.24	0.070
606.01	0.068
606.77	0.070
607.53	0.069
608.29	0.071
609.06	0.072
609.82	0.075
610.58	0.076
611.34	0.079
612.11	0.081
612.87	0.084
613.63	0.086
614.39	0.089
615.15	0.091
615.92	0.097
616.68	0.100
617.44	0.104
618.20	0.109
618.96	0.115
619.72	0.117
620.48	0.123
621.25	0.130
622.01	0.136
622.77	0.138
623.53	0.145
624.29	0.153
625.05	0.161
625.81	0.169
626.57	0.182
627.33	0.191
628.09	0.200
628.85	0.213
629.61	0.223
630.37	0.232
631.14	0.243
631.90	0.252
632.66	0.255
633.42	0.262
634.18	0.269
634.94	0.273
635.70	0.275
636.46	0.277
637.21	0.274
637.97	0.269
638.73	0.262
639.49	0.254
640.25	0.244
641.01	0.233
641.77	0.221
642.53	0.207
643.29	0.193
644.05	0.179
644.81	0.165
645.57	0.152
646.33	0.139
647.08	0.126
647.84	0.113
648.60	0.102
649.36	0.090
650.12	0.081
650.88	0.068
651.63	0.060
652.39	0.054
653.15	0.048
653.91	0.043
654.67	0.043
655.42	0.039
656.18	0.039
656.94	0.035
657.70	0.032
658.46	0.029
659.21	0.026
659.97	0.020
660.73	0.020
661.49	0.018
662.24	0.016
663.00	0.014
663.76	0.012
664.51	0.010
665.27	0.010
666.03	0.010
666.78	0.010
667.54	0.010
668.30	0.010
669.05	0.009
669.81	0.008
670.57	0.007
671.32	0.006
672.08	0.006
672.84	0.006
673.59	0.006
674.35	0.006
675.10	0.007
675.86	0.006
676.62	0.006
677.37	0.006
678.13	0.007
678.88	0.009
679.64	0.008
680.39	0.008
681.15	0.007
681.90	0.007
682.66	0.004
683.41	0.005
684.17	0.005
684.92	0.005
685.68	0.005
686.43	0.004
687.19	0.004
687.94	0.003
688.70	0.003
689.45	0.003
690.21	0.003
690.96	0.003
691.72	0.003
692.47	0.003
693.22	0.003
693.98	0.003
694.73	0.003
695.49	0.002
696.24	0.002
696.99	0.003
697.75	0.003
698.50	0.003
699.25	0.003
700.01	0.004
700.76	0.003
701.51	0.003
702.27	0.003
703.02	0.003
703.77	0.009
704.53	0.009
705.28	0.009
706.03	0.008
706.79	0.009
707.54	0.002
708.29	0.003
709.04	0.003
709.80	0.003
710.55	0.003
711.30	0.004
712.05	0.003
712.80	0.003
713.56	0.003
714.31	0.003
715.06	0.002
715.81	0.002
716.56	0.002
717.32	0.002
718.07	0.002
718.82	0.004
719.57	0.005
720.32	0.005
721.07	0.005
721.83	0.004
722.58	0.002
723.33	0.001
724.08	0.001
724.83	0.001
725.58	0.002
726.33	0.002
727.08	0.003
727.83	0.003
728.58	0.003
729.33	0.002
730.08	0.002
730.83	0.001
731.58	0.001
732.34	0.001
733.09	0.001
733.84	0.001
734.59	0.002
735.34	0.002
736.09	0.002
736.83	0.002
737.58	0.001
738.33	0.001
739.08	0.001
739.83	0.001
740.58	0.001
741.33	0.001
742.08	0.001
742.83	0.001
743.58	0.001
744.33	0.001
745.08	0.001
745.83	0.002
746.57	0.003
747.32	0.003
748.07	0.003
748.82	0.003
749.57	0.002
750.32	0.002
751.07	0.000
751.81	0.000
752.56	0.000
753.31	0.000
754.06	-0.000
754.81	0.001
755.55	0.000
756.30	0.000
757.05	0.000
757.80	0.000
758.55	0.002
759.29	0.003
760.04	0.002
760.79	0.003
761.53	0.002
762.28	-0.001
763.03	-0.001
763.78	-0.001
764.52	-0.001
765.27	-0.000
766.02	0.001
766.76	0.002
767.51	0.002
768.26	-0.003
769.00	-0.003
769.75	-0.003
770.50	-0.014
771.24	-0.014
771.99	-0.009
772.73	-0.010
773.48	-0.010
774.23	0.000
774.97	0.000
775.72	-0.000
776.46	0.000
777.21	-0.000
777.96	0.001
778.70	0.001
779.45	0.001
780.19	0.001
780.94	0.001
781.68	0.000
782.43	0.001
783.17	-0.001
783.92	-0.001
784.66	-0.001
785.41	-0.003
786.15	-0.003
786.90	-0.003
787.64	-0.005
788.39	-0.004
789.13	-0.001
789.87	0.001
790.62	0.000
791.36	0.005
792.11	0.005
792.85	0.002
793.60	0.002
794.34	0.004
795.08	0.001
795.83	0.000
796.57	0.003
797.31	0.001
798.06	0.001
798.80	0.001
799.54	0.001
800.29	0.000
801.03	0.000
801.77	-0.000
802.52	0.000
803.26	-0.000
804.00	-0.003
804.75	-0.003
805.49	-0.002
806.23	-0.002
806.97	-0.003
807.72	0.000
808.46	0.001
809.20	0.001
809.94	0.000
810.69	0.001
811.43	0.001
812.17	0.001
812.91	-0.000
813.65	0.001
814.40	0.001
815.14	0.001
815.88	0.001
816.62	0.002
817.36	0.000
818.11	0.002
818.85	0.001
819.59	0.000
820.33	-0.000
821.07	0.000
821.81	-0.001
822.55	-0.001
823.29	-0.001
824.03	-0.002
824.78	-0.002
825.52	-0.002
826.26	-0.001
827.00	-0.004
827.74	-0.003
828.48	-0.002
829.22	-0.003
829.96	-0.003
830.70	-0.001
831.44	-0.002
832.18	-0.002
832.92	-0.002
833.66	-0.003
834.40	-0.003
835.14	-0.002
835.88	-0.002
836.62	-0.000
837.36	-0.000
838.10	-0.001
838.84	-0.002
839.58	-0.001
840.31	-0.003
841.05	-0.002
841.79	-0.001
842.53	-0.001
843.27	-0.002
844.01	-0.001
844.75	-0.001
845.49	0.000
846.23	-0.001
846.96	-0.000
847.70	-0.000
848.44	0.001
849.18	-0.001
849.92	0.000
850.66	0.000
851.39	0.001
852.13	-0.003
852.87	-0.003
853.61	-0.003
854.35	-0.004
855.08	-0.004
855.82	-0.003
856.56	-0.005
857.30	-0.007
858.03	-0.007
858.77	-0.006
859.51	-0.005
860.24	-0.002
860.98	0.000
861.72	0.001
862.46	0.001
863.19	0.000
863.93	-0.000
864.67	-0.001
865.40	0.001
866.14	0.001
866.88	0.001
867.61	0.001
868.35	0.002
869.08	0.003
869.82	0.003
870.56	0.003
871.29	0.003
872.03	0.003
872.76	-0.003
873.50	-0.003
874.24	-0.005
874.97	-0.005
875.71	-0.005
876.44	-0.004
877.18	-0.004
877.91	-0.002
878.65	-0.002
879.38	-0.002
880.12	-0.004
880.85	-0.003
881.59	-0.003
882.32	-0.002
883.06	-0.001
883.79	0.001
884.53	-0.003
885.26	-0.004
886.00	-0.004
886.73	-0.005
887.47	-0.004
888.20	-0.001
888.93	-0.000
889.67	-0.001
890.40	-0.005
891.14	-0.005
891.87	-0.007
892.60	-0.007
893.34	-0.007
894.07	-0.004
894.80	-0.004
895.54	-0.001
896.27	0.001
897.01	0.001
897.74	0.001
898.47	0.000
899.20	0.000
899.94	-0.002
900.67	-0.001
901.40	-0.000
902.14	-0.000
902.87	-0.002
903.60	-0.001
904.33	-0.002
905.07	-0.002
905.80	-0.007
906.53	-0.005
907.26	-0.006
908.00	-0.007
908.73	-0.007
909.46	-0.002
910.19	-0.002
910.92	-0.001
911.66	-0.000
912.39	-0.000
913.12	-0.000
913.85	-0.001
914.58	-0.002
915.31	-0.001
916.04	-0.002
916.78	-0.002
917.51	-0.001
918.24	0.003
918.97	0.002
919.70	0.003
920.43	0.004
921.16	0.000
921.89	-0.005
922.62	-0.005
923.35	-0.006
924.08	-0.006
924.82	-0.001
925.55	-0.001
926.28	0.000
927.01	0.000
927.74	-0.001
928.47	-0.002
929.20	-0.001
929.93	-0.002
930.66	-0.002
931.39	-0.003
932.12	-0.002
932.84	-0.004
933.57	-0.003
934.30	-0.004
935.03	-0.003
935.76	-0.003
936.49	-0.004
937.22	-0.005
937.95	0.007
938.68	0.008
939.41	0.009
940.14	0.011
940.86	0.013
941.59	-0.032
942.32	0.018
943.05	0.019
943.78	0.018
944.51	0.016
945.24	0.047
945.96	-0.009
946.69	-0.011
947.42	-0.010
948.15	-0.007
948.88	-0.006
949.60	-0.009
950.33	-0.010
951.06	-0.009
951.79	-0.009
952.51	-0.009
953.24	-0.006
953.97	0.008
954.70	0.006
955.42	0.005
956.15	0.005
956.88	0.006
957.60	-0.004
958.33	-0.004
959.06	-0.003
959.78	-0.001
960.51	-0.002
961.24	-0.001
961.96	-0.002
962.69	-0.002
963.42	-0.004
964.14	-0.004
964.87	0.002
965.60	0.002
966.32	0.002
967.05	0.000
967.77	0.001
968.50	-0.004
969.23	-0.004
969.95	-0.004
970.68	-0.003
971.40	-0.003
972.13	-0.005
972.85	-0.004
973.58	-0.005
974.30	-0.004
975.03	0.003
975.75	0.003
976.48	0.004
977.20	0.007
977.93	0.013
978.65	-0.006
979.38	-0.165
980.10	-0.102
980.83	-0.110
981.55	-0.202
982.28	-0.195
983.00	-0.223
983.72	-0.013
984.45	-0.006
985.17	0.005
985.90	0.003
986.62	0.002
987.34	0.002
988.07	0.003
988.79	-0.003
989.51	-0.002
990.24	-0.001
990.96	1.607
991.68	1.607

